********************************
*                              *
*          BECAS 2.3           *
*              by              *
*     becas-dtuwind@dtu.dk     *
*                              *
*   A cross section analysis   *
*   program for anisotropic    *
*   beams with arbitrary       *
*   geometry.                  *
*                              *
*     (c)DTU Wind Energy       *
********************************


Output generated on the (yyyy.mm.dd) 2021. 5.19 at (hh.mm.ss)  0.10.22  
Element type is: Q4 
The input folder: is C:\Users\andre\Documents\GitHub\PGE\Preliminare\64.8_108\Cp-Lambda_v3_2021_CLEAN_March2021\3.Structure\CrossSectionAnalysis_v1.06\BECASFiles\BECAS_Section_14\BECAS_SECTION 

Stiffness matrix w.r.t. to the cross section reference point 
K=
      192532808.105	     -5323713.84038	                  0	                  0	                  0	     -4480871.94056
     -5323713.84038	      53383534.8033	                  0	                  0	                  0	      3256619.92344
                  0	                  0	      2586915875.13	      18893604.3091	      465997566.443	                  0
                  0	                  0	      18893604.3091	      196008213.893	      24975719.3389	                  0
                  0	                  0	      465997566.443	      24975719.3389	      810666384.124	                  0
     -4480871.94056	      3256619.92344	                  0	                  0	                  0	      36357165.9381

Compliance matrix w.r.t. to the cross section reference point 
F=
  5.22127259888e-09	  4.84084366277e-10	                  0	                  0	                 -0	  6.00139601851e-10
  4.84084366277e-10	   1.8880171187e-08	                  0	                  0	                  0	 -1.63149189607e-09
                  0	                  0	  4.31231547318e-10	 -1.00204852914e-11	  -2.4757728546e-10	                 -0
                  0	                  0	 -1.00204852914e-11	  5.12216714766e-09	 -1.52048104794e-10	                 -0
                  0	                  0	  -2.4757728546e-10	 -1.52048104794e-10	  1.38055301816e-09	                 -0
  6.00139601851e-10	 -1.63149189607e-09	                  0	                  0	                  0	  2.77249964817e-08

Mass matrix w.r.t. to the cross section reference point 
M=
      159.071073567	                  0	                  0	                  0	                  0	     -1.58274073855
                  0	      159.071073567	                  0	                  0	                  0	     -35.3637352775
                  0	                  0	      159.071073567	      1.58274073855	      35.3637352775	                  0
                 -0	                 -0	      1.58274073855	      10.9041074086	      2.02576162944	                  0
                 -0	                 -0	      35.3637352775	      2.02576162944	      59.5930697662	                  0
     -1.58274073855	     -35.3637352775	                 -0	                  0	                  0	      70.4971771747

Shear center;
ShearX=     0.058845522204 
ShearY=    0.0216461561049 

Elastic center:
ElasticX=    -0.180136343405 
ElasticY=   0.00730352482304 

Orientation of principle axis w.r.t. reference center:
alpha_p=     -2.32302364166o or    -0.0405444111486rad 

Orientation of principle axis w.r.t. elastic center:
alpha_p=     -2.32322425099o or    -0.0405479124419rad 

Mass center:
MassX=    -0.222314054243 
MassY=    0.0099498966283 

Mass per unit length:
Mass=      159.071073567 

Mass moments of inertia:
Ixx=      10.9041074086 
Iyy=      59.5930697662 
Ixy=     -2.02576162944 

Area center:
AreaX=    -0.345181578461 
AreaY=    0.0178378238726 

Area per unit length:
Area=     0.190338803395 
Area moments:
Ixx=   0.00339523005109 
Iyy=   -0.0657014485983 
Ixy=  -0.00408242702866 

Stiffness matrix with respect to shear center:
      192532808.105	     -5323713.84038	                  0	                  0	                  0	  9.52742993832e-07
     -5323713.84038	      53383534.8033	                  0	                  0	                  0	 -1.51339918375e-08
                  0	                  0	      2586915875.13	     -37103180.5543	      618225982.012	                  0
                  0	                  0	     -37103180.5543	      196402381.223	       12705307.236	                  0
                  0	                  0	      618225982.012	       12705307.236	      874468085.019	                  0
                  0	                  0	                  0	                  0	                  0	      36068534.7845

Stiffness matrix with respect to the elastic center:
      192532808.105	     -5323713.84038	                  0	                  0	                  0	     -4033698.14186
     -5323713.84038	      53383534.8033	                  0	                  0	                  0	      12834052.8048
                  0	                  0	      2586915875.13	   5.3308904171e-06	    2.521276474e-05	                  0
                  0	                  0	                  0	      195870223.985	      21572294.5449	                  0
                  0	                  0	 -5.96046447754e-08	      21572294.5449	      726723286.469	                  0
     -4033698.14186	      12834052.8048	                  0	                  0	                  0	      39193494.5123

Stiffness matrix rotated along principle axis:
      192735413.732	      329323.953433	                  0	                  0	                  0	     -4609191.07108
      329323.953434	      53180929.1764	                  0	                  0	                  0	      3072319.04979
                  0	                  0	      2586915875.13	     -10343.6651837	      466380424.233	                  0
                  0	                  0	      -10343.665188	      194995032.826	 -1.42132895931e-06	                  0
                  0	                  0	      466380424.233	 -2.03704431389e-09	      811679565.191	                  0
     -4609191.07108	      3072319.04979	                  0	                  0	                  0	      36357165.9381

Stiffness matrix at the elastic center rotated along principle axis:
      192735411.424	      329812.574604	                  0	                  0	                  0	     -4550634.08923
      329812.574605	      53180931.4842	                  0	                  0	                  0	      12659990.5798
                  0	                  0	      2586915875.13	  4.30446381014e-06	  2.54081382588e-05	                  0
                  0	                  0	  2.41618170304e-09	      194995032.779	 -6.37190508042e-07	                  0
                  0	                  0	 -5.95556525007e-08	 -4.85537248504e-10	      727598477.676	                  0
     -4550634.08923	      12659990.5798	                  0	                  0	                  0	      39193494.5123

Mass matrix with respect to mass center
      159.071073567	                  0	                  0	                  0	                  0	                  0
                  0	      159.071073567	                  0	                  0	                  0	                  0
                  0	                  0	      159.071073567	                  0	                  0	                  0
                  0	                  0	                  0	      10.8883593018	      1.67389611904	                  0
                  0	                  0	                  0	      1.67389611904	      51.7312144035	                  0
                  0	                  0	                  0	                  0	                  0	      62.6195737053
