********************************
*                              *
*          BECAS 2.3           *
*              by              *
*     becas-dtuwind@dtu.dk     *
*                              *
*   A cross section analysis   *
*   program for anisotropic    *
*   beams with arbitrary       *
*   geometry.                  *
*                              *
*     (c)DTU Wind Energy       *
********************************


Output generated on the (yyyy.mm.dd) 2021. 5.21 at (hh.mm.ss) 11.37.40  
Element type is: Q4 
The input folder: is C:\69.6_80\3.Structure\CrossSectionAnalysis_v1.06\BECASFiles\BECAS_Section_28\BECAS_SECTION 

Stiffness matrix w.r.t. to the cross section reference point 
K=
      37130932.6124	      67960.5340521	                  0	                  0	                  0	     -1214298.99369
      67960.5340515	      6378173.33536	                  0	                  0	                  0	     -387842.295819
                  0	                  0	      428069472.875	      10693770.9411	      57267853.2147	                  0
                  0	                  0	      10693770.9411	      5052410.73648	      1241303.07398	                  0
                  0	                  0	      57267853.2147	      1241303.07398	      34770946.1063	                  0
     -1214298.99369	     -387842.295819	                  0	                  0	                  0	      1307168.07748

Compliance matrix w.r.t. to the cross section reference point 
F=
  2.77860669038e-08	  1.29690123645e-09	                  0	                 -0	                 -0	  2.61967736382e-08
  1.29690123645e-09	  1.59725902076e-07	                  0	                 -0	                 -0	  4.85961121016e-08
                  0	                  0	  3.13665349025e-09	  -5.4172245795e-09	 -4.97268592041e-09	                 -0
                  0	                  0	  -5.4172245795e-09	  2.09032580545e-07	  1.45984055488e-09	                 -0
                  0	                  0	 -4.97268592041e-09	  1.45984055488e-09	  3.68975563358e-08	                 -0
  2.61967736382e-08	  4.85961121016e-08	                  0	                  0	                  0	  8.03766831251e-07

Mass matrix w.r.t. to the cross section reference point 
M=
      25.5913402325	                  0	                  0	                  0	                  0	    -0.615600766449
                  0	      25.5913402325	                  0	                  0	                  0	     -4.03472778885
                  0	                  0	      25.5913402325	     0.615600766449	      4.03472778885	                  0
                 -0	                 -0	     0.615600766449	     0.278605824265	    0.0815951887777	                  0
                 -0	                 -0	      4.03472778885	    0.0815951887777	      2.72995948715	                  0
    -0.615600766449	     -4.03472778885	                 -0	                  0	                  0	      3.00856531141

Shear center;
ShearX=   -0.0604604596907 
ShearY=    0.0325925039696 

Elastic center:
ElasticX=    -0.133781679946 
ElasticY=    0.0249813911496 

Orientation of principle axis w.r.t. reference center:
alpha_p=     -2.38762360952o or    -0.0416718932844rad 

Orientation of principle axis w.r.t. elastic center:
alpha_p=     0.485866738211o or    0.00847997430771rad 

Mass center:
MassX=    -0.157659886204 
MassY=    0.0240550420907 

Mass per unit length:
Mass=      25.5913402325 

Mass moments of inertia:
Ixx=     0.278605824265 
Iyy=      2.72995948715 
Ixy=   -0.0815951887777 

Area center:
AreaX=    -0.186269502957 
AreaY=    0.0222830611537 

Area per unit length:
Area=    0.0164394510349 
Area moments:
Ixx=  0.000366321292745 
Iyy=  -0.00306216837316 
Ixy= -5.68566411236e-05 

Stiffness matrix with respect to shear center:
      37130932.6124	      67960.5340521	                  0	                  0	                  0	 -1.30385160446e-07
      67960.5340515	      6378173.33536	                  0	                  0	                  0	 -4.13274392486e-09
                  0	                  0	      428069472.875	     -3258085.05284	      31386576.1051	                  0
                  0	                  0	     -3258085.05284	      4810063.11465	     -428214.339247	                  0
                  0	                  0	      31386576.1051	     -428214.339247	       29410858.556	                  0
 -2.32830643654e-10	                  0	                  0	                  0	                  0	      1244141.90922

Stiffness matrix with respect to the elastic center:
      37130932.6124	      67960.5340521	                  0	                  0	                  0	     -277624.767938
      67960.5340515	      6378173.33536	                  0	                  0	                  0	      467138.196655
                  0	                  0	      428069472.875	  2.49594449997e-07	  1.37090682983e-06	                  0
                  0	                  0	                  0	      4785265.46174	     -189327.567477	                  0
                  0	                  0	 -2.23517417908e-08	     -189327.567477	      27109556.4963	                  0
     -277624.767938	      467138.196655	                  0	                  0	                  0	      1280506.08526

Stiffness matrix rotated along principle axis:
      37071902.3823	      1347767.23587	                  0	                  0	                  0	     -1197087.35736
      1347767.23587	      6437203.56544	                  0	                  0	                  0	     -438093.085277
                  0	                  0	      428069472.875	      8298717.94049	      57663636.9761	                  0
                  0	                  0	      8298717.94049	      5000653.32406	   1.2733470472e-08	                  0
                  0	                  0	      57663636.9761	 -3.09136865149e-10	      34822703.5187	                  0
     -1197087.35736	     -438093.085277	                  0	                  0	                  0	      1307168.07748

Stiffness matrix at the elastic center rotated along principle axis:
      37129873.7875	     -192819.346621	                  0	                  0	                  0	     -273653.513575
     -192819.346621	      6379232.16026	                  0	                  0	                  0	      469475.623494
                  0	                  0	      428069472.875	  2.61210591254e-07	  1.36874101004e-06	                  0
                  0	                  0	 -1.89539924464e-10	      4783659.93035	  1.18067635078e-08	                  0
                  0	                  0	 -2.23509381391e-08	 -3.60780119312e-13	      27111162.0277	                  0
     -273653.513575	      469475.623494	                  0	                  0	                  0	      1280506.08526

Mass matrix with respect to mass center
      25.5913402325	                  0	                  0	                  0	                  0	                  0
                  0	      25.5913402325	                  0	                  0	                  0	                  0
                  0	                  0	      25.5913402325	                  0	                  0	                  0
                  0	                  0	                  0	     0.263797521917	   -0.0154603580075	                  0
                  0	                  0	                  0	   -0.0154603580075	       2.0938447631	                  0
                  0	                  0	                  0	                  0	                  0	      2.35764228501
