function [Ks,Ms,Scp,Ecp]=BECAS_VABSresults
nc=0;

%% S1
nc=nc+1;
Ks(:,:,nc)=[1.0000000E+00	0.0000000E+00	0.0000000E+00	0.0000000E+00	1.4037454E-18	-4.3232562E-18	;
0.0000000E+00	3.4899654E-01	-1.7177423E-17	1.6246689E-18	0.0000000E+00	0.0000000E+00	;
0.0000000E+00	-1.7177423E-17	3.4899654E-01	6.9553244E-19	0.0000000E+00	0.0000000E+00	;
0.0000000E+00	1.6246689E-18	6.9553244E-19	5.9084286E-04	0.0000000E+00	0.0000000E+00	;
1.4037454E-18	0.0000000E+00	0.0000000E+00	0.0000000E+00	8.3384247E-04	3.1300514E-20	;
-4.3232562E-18	0.0000000E+00	0.0000000E+00	0.0000000E+00	3.1300514E-20	8.3384247E-04	];

Ms(:,:,nc)=	[		1.0000000000E-02	0.0000000000E+00	0.0000000000E+00	0.0000000000E+00	-3.2187251996E-20	-1.9481757787E-20	;
			0.0000000000E+00	1.0000000000E-02	0.0000000000E+00	3.2187251996E-20	0.0000000000E+00	0.0000000000E+00	;
			0.0000000000E+00	0.0000000000E+00	1.0000000000E-02	1.9481757787E-20	0.0000000000E+00	0.0000000000E+00	;
			0.0000000000E+00	3.2187251996E-20	1.9481757787E-20	1.6666666667E-05	0.0000000000E+00	0.0000000000E+00	;
			-3.2187251996E-20	0.0000000000E+00	0.0000000000E+00	0.0000000000E+00	8.3333333333E-06	0.0000000000E+00	;
			-1.9481757787E-20	0.0000000000E+00	0.0000000000E+00	0.0000000000E+00	0.0000000000E+00	8.3333333333E-06	];

Scp(nc,1)=0;
Scp(nc,2)=0;

Ecp(nc,1)=0;
Ecp(nc,2)=0;

%% S2 (E1/E2=1)
nc=nc+1;
Ks(:,:,nc)=[     1.0000000000E+00    0.0000000000E+00    0.0000000000E+00    0.0000000000E+00   -7.0185150009E-18   -3.3542504711E-18;
     0.0000000000E+00    3.4899653832E-01   -1.4408096876E-16   -1.0206220183E-18    0.0000000000E+00    0.0000000000E+00;
     0.0000000000E+00   -1.4408096876E-16    3.4899653832E-01   -2.2697415034E-18    0.0000000000E+00    0.0000000000E+00;
     0.0000000000E+00   -1.0206220183E-18   -2.2697415034E-18    5.9084285634E-04    0.0000000000E+00    0.0000000000E+00;
    -7.0185150009E-18    0.0000000000E+00    0.0000000000E+00    0.0000000000E+00    8.3384247147E-04    2.8057966378E-19;
    -3.3542504711E-18    0.0000000000E+00    0.0000000000E+00    0.0000000000E+00    2.8057966378E-19    8.3384247147E-04];

Ms(:,:,nc)=	[     1.0000000000E-02    0.0000000000E+00    0.0000000000E+00    0.0000000000E+00    2.2022856629E-20   -2.1175823681E-20;
     0.0000000000E+00    1.0000000000E-02    0.0000000000E+00   -2.2022856629E-20    0.0000000000E+00    0.0000000000E+00;
     0.0000000000E+00    0.0000000000E+00    1.0000000000E-02    2.1175823681E-20    0.0000000000E+00    0.0000000000E+00;
     0.0000000000E+00   -2.2022856629E-20    2.1175823681E-20    1.6666666667E-05    0.0000000000E+00    0.0000000000E+00;
     2.2022856629E-20    0.0000000000E+00    0.0000000000E+00    0.0000000000E+00    8.3333333333E-06    4.2351647363E-22;
    -2.1175823681E-20    0.0000000000E+00    0.0000000000E+00    0.0000000000E+00    4.2351647363E-22    8.3333333333E-06];

Scp(nc,1)=0.0000000000;
Scp(nc,2)=0.0000000000;

Ecp(nc,1)=0.0000000000;
Ecp(nc,2)=0.0000000000;

%% S2 (E1/E2=10)
nc=nc+1;
Ks(:,:,nc)=[     5.5000000000E-01    0.0000000000E+00    0.0000000000E+00    0.0000000000E+00    1.2790197504E-18    1.1250000000E-02;
     0.0000000000E+00    1.2780812883E-01   -3.1607267757E-16    1.0149401271E-18    0.0000000000E+00    0.0000000000E+00;
     0.0000000000E+00   -3.1607267757E-16    1.9221225119E-01   -3.9316256034E-03    0.0000000000E+00    0.0000000000E+00;
     0.0000000000E+00    1.0149401271E-18   -3.9316256034E-03    2.7686040653E-04    0.0000000000E+00    0.0000000000E+00;
     1.2790197504E-18    0.0000000000E+00    0.0000000000E+00    0.0000000000E+00    4.5861334043E-04    6.7868514899E-20;
     1.1250000000E-02    0.0000000000E+00    0.0000000000E+00    0.0000000000E+00    6.7868514899E-20    4.5861330209E-04];

Ms(:,:,nc)=	[     5.5000000000E-03    0.0000000000E+00    0.0000000000E+00    0.0000000000E+00    1.7258296300E-20    1.1250000000E-04;
     0.0000000000E+00    5.5000000000E-03    0.0000000000E+00   -1.7258296300E-20    0.0000000000E+00    0.0000000000E+00;
     0.0000000000E+00    0.0000000000E+00    5.5000000000E-03   -1.1250000000E-04    0.0000000000E+00    0.0000000000E+00;
     0.0000000000E+00   -1.7258296300E-20   -1.1250000000E-04    9.1666666667E-06    0.0000000000E+00    0.0000000000E+00;
     1.7258296300E-20    0.0000000000E+00    0.0000000000E+00    0.0000000000E+00    4.5833333333E-06    5.6910026144E-22;
     1.1250000000E-04    0.0000000000E+00    0.0000000000E+00    0.0000000000E+00    5.6910026144E-22    4.5833333333E-06];

Scp(nc,1)=-2.0454604632E-02;
Scp(nc,2)=0.0000000000;

Ecp(nc,1)=-2.0454545455E-02;
Ecp(nc,2)=0.0000000000;


%% S2 (E1/E2=100)
nc=nc+1;
Ks(:,:,nc)=[     5.0500000000E-01    0.0000000000E+00    0.0000000000E+00    0.0000000000E+00    7.2336613696E-19    1.2375000000E-02;
     0.0000000000E+00    1.3825447602E-01   -2.0574894166E-15    4.9997161494E-17    0.0000000000E+00    0.0000000000E+00;
     0.0000000000E+00   -2.0574894166E-15    1.7673025505E-01   -4.3307677620E-03    0.0000000000E+00    0.0000000000E+00;
     0.0000000000E+00    4.9997161494E-17   -4.3307677620E-03    2.3513050716E-04    0.0000000000E+00    0.0000000000E+00;
     7.2336613696E-19    0.0000000000E+00    0.0000000000E+00    0.0000000000E+00    4.2109042126E-04    7.8946117662E-20;
     1.2375000000E-02    0.0000000000E+00    0.0000000000E+00    0.0000000000E+00    7.8946117662E-20    4.2109036090E-04];

Ms(:,:,nc)=	[     5.0500000000E-03    0.0000000000E+00    0.0000000000E+00    0.0000000000E+00    1.7046538063E-20    1.2375000000E-04;
     0.0000000000E+00    5.0500000000E-03    0.0000000000E+00   -1.7046538063E-20    0.0000000000E+00    0.0000000000E+00;
     0.0000000000E+00    0.0000000000E+00    5.0500000000E-03   -1.2375000000E-04    0.0000000000E+00    0.0000000000E+00;
     0.0000000000E+00   -1.7046538063E-20   -1.2375000000E-04    8.4166666667E-06    0.0000000000E+00    0.0000000000E+00;
     1.7046538063E-20    0.0000000000E+00    0.0000000000E+00    0.0000000000E+00    4.2083333333E-06    5.3601303693E-22;
     1.2375000000E-04    0.0000000000E+00    0.0000000000E+00    0.0000000000E+00    5.3601303693E-22    4.2083333333E-06];

Scp(nc,1)=-2.4504959611E-02;
Scp(nc,2)=0.0000000000;

Ecp(nc,1)=-2.4504950495E-02;
Ecp(nc,2)=0.0000000000;

%% S2 (E1/E2=1000)
nc=nc+1;
Ks(:,:,nc)=[     5.0050000000E-01    0.0000000000E+00    0.0000000000E+00    0.0000000000E+00   -1.6021628197E-18    1.2487500000E-02;
     0.0000000000E+00    1.6788178147E-01   -5.8139591013E-15    1.3501562159E-16    0.0000000000E+00    0.0000000000E+00;
     0.0000000000E+00   -5.8139591013E-15    1.7519849739E-01   -4.3712114284E-03    0.0000000000E+00    0.0000000000E+00;
     0.0000000000E+00    1.3501562159E-16   -4.3712114284E-03    2.3076428872E-04    0.0000000000E+00    0.0000000000E+00;
    -1.6021628197E-18    0.0000000000E+00    0.0000000000E+00    0.0000000000E+00    4.1733812913E-04    3.5305722905E-20;
     1.2487500000E-02    0.0000000000E+00    0.0000000000E+00    0.0000000000E+00    3.5305722905E-20    4.1733806564E-04];

Ms(:,:,nc)=	[     5.0050000000E-03    0.0000000000E+00    0.0000000000E+00    0.0000000000E+00    1.6931559958E-20    1.2487500000E-04;
     0.0000000000E+00    5.0050000000E-03    0.0000000000E+00   -1.6931559958E-20    0.0000000000E+00    0.0000000000E+00;
     0.0000000000E+00    0.0000000000E+00    5.0050000000E-03   -1.2487500000E-04    0.0000000000E+00    0.0000000000E+00;
     0.0000000000E+00   -1.6931559958E-20   -1.2487500000E-04    8.3416666667E-06    0.0000000000E+00    0.0000000000E+00;
     1.6931559958E-20    0.0000000000E+00    0.0000000000E+00    0.0000000000E+00    4.1708333333E-06    5.3593548875E-22;
     1.2487500000E-04    0.0000000000E+00    0.0000000000E+00    0.0000000000E+00    5.3593548875E-22    4.1708333333E-06];

Scp(nc,1)=-2.4950050905E-02;
Scp(nc,2)=0.0000000000;

Ecp(nc,1)=-2.4950050905E-02;
Ecp(nc,2)=0.0000000000;

%% S2 (E1/E2=10000)
nc=nc+1;
Ks(:,:,nc)=[     5.0005000000E-01    0.0000000000E+00    0.0000000000E+00    0.0000000000E+00   -2.7620553270E-19    1.2498750000E-02;
     0.0000000000E+00    1.7289239132E-01   -2.4624518553E-14    5.9643271726E-16    0.0000000000E+00    0.0000000000E+00;
     0.0000000000E+00   -2.4624518553E-14    1.7504561145E-01   -4.3752651624E-03    0.0000000000E+00    0.0000000000E+00;
     0.0000000000E+00    5.9643271726E-16   -4.3752651624E-03    2.3032565655E-04    0.0000000000E+00    0.0000000000E+00;
    -2.7620553270E-19    0.0000000000E+00    0.0000000000E+00    0.0000000000E+00    4.1696289992E-04    6.2361146380E-20;
     1.2498750000E-02    0.0000000000E+00    0.0000000000E+00    0.0000000000E+00    6.2361146380E-20    4.1696283610E-04];

Ms(:,:,nc)=	[     5.0005000000E-03    0.0000000000E+00    0.0000000000E+00    0.0000000000E+00    1.6940245355E-20    1.2498750000E-04;
     0.0000000000E+00    5.0005000000E-03    0.0000000000E+00   -1.6940245355E-20    0.0000000000E+00    0.0000000000E+00;
     0.0000000000E+00    0.0000000000E+00    5.0005000000E-03   -1.2498750000E-04    0.0000000000E+00    0.0000000000E+00;
     0.0000000000E+00   -1.6940245355E-20   -1.2498750000E-04    8.3341666667E-06    0.0000000000E+00    0.0000000000E+00;
     1.6940245355E-20    0.0000000000E+00    0.0000000000E+00    0.0000000000E+00    4.1670833333E-06    5.3596780049E-22;
     1.2498750000E-04    0.0000000000E+00    0.0000000000E+00    0.0000000000E+00    5.3596780049E-22    4.1670833333E-06];

Scp(nc,1)=-2.4995000500E-02;
Scp(nc,2)=0.0000000000;

Ecp(nc,1)=-2.4995000500E-02;
Ecp(nc,2)=0.0000000000;

%% S2 (E1/E2=100000)
nc=nc+1;
Ks(:,:,nc)=[     5.0000500000E-01    0.0000000000E+00    0.0000000000E+00    0.0000000000E+00   -8.1992789294E-19    1.2499875000E-02;
     0.0000000000E+00    1.7342650348E-01   -6.4641035551E-13    1.6153945612E-14    0.0000000000E+00    0.0000000000E+00;
     0.0000000000E+00   -6.4641035551E-13    1.7503032597E-01   -4.3756706366E-03    0.0000000000E+00    0.0000000000E+00;
     0.0000000000E+00    1.6153945612E-14   -4.3756706366E-03    2.3028177323E-04    0.0000000000E+00    0.0000000000E+00;
    -8.1992789294E-19    0.0000000000E+00    0.0000000000E+00    0.0000000000E+00    4.1692537700E-04   -2.5941056094E-20;
     1.2499875000E-02    0.0000000000E+00    0.0000000000E+00    0.0000000000E+00   -2.5941056094E-20    4.1692531315E-04];

Ms(:,:,nc)=	[     5.0000500000E-03    0.0000000000E+00    0.0000000000E+00    0.0000000000E+00    1.6940969138E-20    1.2499875000E-04;
     0.0000000000E+00    5.0000500000E-03    0.0000000000E+00   -1.6940969138E-20    0.0000000000E+00    0.0000000000E+00;
     0.0000000000E+00    0.0000000000E+00    5.0000500000E-03   -1.2499875000E-04    0.0000000000E+00    0.0000000000E+00;
     0.0000000000E+00   -1.6940969138E-20   -1.2499875000E-04    8.3334166667E-06    0.0000000000E+00    0.0000000000E+00;
     1.6940969138E-20    0.0000000000E+00    0.0000000000E+00    0.0000000000E+00    4.1667083333E-06    5.3600778628E-22;
     1.2499875000E-04    0.0000000000E+00    0.0000000000E+00    0.0000000000E+00    5.3600778628E-22    4.1667083333E-06];

Scp(nc,1)=-2.4999500015E-02;
Scp(nc,2)=0.0000000000;

Ecp(nc,1)=-2.4999500015E-02;
Ecp(nc,2)=0.0000000000;

%% S3 (0 deg)
nc=nc+1;
Ks(:,:,nc)=[     4.8000000000E+00    0.0000000000E+00    0.0000000000E+00    0.0000000000E+00   -5.7818468980E-18   -1.7618285303E-18;
     0.0000000000E+00    5.0404914359E-01    1.8166920322E-17   -2.4041644138E-18    0.0000000000E+00    0.0000000000E+00;
     0.0000000000E+00    1.8166920322E-17    5.0404914359E-01    1.0685233073E-18    0.0000000000E+00    0.0000000000E+00;
     0.0000000000E+00   -2.4041644138E-18    1.0685233073E-18    8.5080690668E-04    0.0000000000E+00    0.0000000000E+00;
    -5.7818468980E-18    0.0000000000E+00    0.0000000000E+00    0.0000000000E+00    4.0005435852E-03    7.2844833464E-20;
    -1.7618285303E-18    0.0000000000E+00    0.0000000000E+00    0.0000000000E+00    7.2844833464E-20    4.0005435852E-03];

Ms(:,:,nc)=	[		1.0000000000E-01	0.0000000000E+00	0.0000000000E+00	0.0000000000E+00	9.4867690092E-20	2.3039296165E-19	;
			0.0000000000E+00	1.0000000000E-01	0.0000000000E+00	-9.4867690092E-20	0.0000000000E+00	0.0000000000E+00	;
			0.0000000000E+00	0.0000000000E+00	1.0000000000E-01	-2.3039296165E-19	0.0000000000E+00	0.0000000000E+00	;
			0.0000000000E+00	-9.4867690092E-20	-2.3039296165E-19	1.6666666667E-04	0.0000000000E+00	0.0000000000E+00	;
			9.4867690092E-20	0.0000000000E+00	0.0000000000E+00	0.0000000000E+00	8.3333333333E-05	-8.4703294725E-22	;
			2.3039296165E-19	0.0000000000E+00	0.0000000000E+00	0.0000000000E+00	-8.4703294725E-22	8.3333333333E-05	];
      
Scp(nc,1)=0;
Scp(nc,2)=0;

Ecp(nc,1)=0;
Ecp(nc,2)=0;

%% S3 (22.5 deg)
nc=nc+1;
Ks(:,:,nc)=[     3.4350984660E+00    7.3896682013E-01   -6.6605784340E-16    2.4686466081E-18   -3.2986026495E-17    1.6998180568E-17;
     7.3896682013E-01    7.6013977704E-01    1.2415317476E-15    9.7746722252E-18   -2.1270253025E-17   -1.0700379473E-18;
    -6.6605784340E-16    1.2415317476E-15    4.6670692265E-01    1.4844147899E-18    3.4216691320E-17   -8.2549618176E-18;
     2.4686466081E-18    9.7746722252E-18    1.4844147899E-18    1.0294181081E-03   -4.9998045114E-04   -6.7987628907E-20;
    -3.2986026495E-17   -2.1270253025E-17    3.4216691320E-17   -4.9998045114E-04    2.5074777324E-03   -4.7685307952E-20;
     1.6998180568E-17   -1.0700379473E-18   -8.2549618176E-18   -6.7987628907E-20   -4.7685307952E-20    2.2740792292E-03];


Ms(:,:,nc)=	[		1.0000000000E-01	0.0000000000E+00	0.0000000000E+00	0.0000000000E+00	9.4867690092E-20	2.3039296165E-19	;
			0.0000000000E+00	1.0000000000E-01	0.0000000000E+00	-9.4867690092E-20	0.0000000000E+00	0.0000000000E+00	;
			0.0000000000E+00	0.0000000000E+00	1.0000000000E-01	-2.3039296165E-19	0.0000000000E+00	0.0000000000E+00	;
			0.0000000000E+00	-9.4867690092E-20	-2.3039296165E-19	1.6666666667E-04	0.0000000000E+00	0.0000000000E+00	;
			9.4867690092E-20	0.0000000000E+00	0.0000000000E+00	0.0000000000E+00	8.3333333333E-05	-8.4703294725E-22	;
			2.3039296165E-19	0.0000000000E+00	0.0000000000E+00	0.0000000000E+00	-8.4703294725E-22	8.3333333333E-05	];
      
Scp(nc,1)=0;
Scp(nc,2)=0;

Ecp(nc,1)=0;
Ecp(nc,2)=0;

%% S3 (45 deg)
nc=nc+1;
Ks(:,:,nc)=[1.712753181101E+00       4.011605527338E-01      -2.903177752466E-16       6.928687966911E-19       1.301844951682E-17      -3.738483462998E-18;
           4.011605527338E-01       8.409855361915E-01      -1.459138834391E-16      -2.965870723298E-17       3.192267232832E-17      -5.812522879438E-17;
          -2.903177752466E-16      -1.459138834391E-16       4.473441591333E-01       1.204761193081E-17      -1.221515542280E-17      -1.013671263476E-17;
           6.928687966911E-19      -2.965870723298E-17       1.204761193081E-17       1.017218643277E-03      -2.421090234364E-04       2.371162856720E-19;
           1.301844951682E-17       3.192267232832E-17      -1.221515542280E-17      -2.421090234364E-04       1.326195443620E-03      -2.029305653164E-19;
          -3.738483462998E-18      -5.812522879438E-17      -1.013671263476E-17       2.371162856720E-19      -2.029305653164E-19       1.273938446210E-03];

Ms(:,:,nc)=	[		1.0000000000E-01	0.0000000000E+00	0.0000000000E+00	0.0000000000E+00	9.4867690092E-20	2.3039296165E-19	;
			0.0000000000E+00	1.0000000000E-01	0.0000000000E+00	-9.4867690092E-20	0.0000000000E+00	0.0000000000E+00	;
			0.0000000000E+00	0.0000000000E+00	1.0000000000E-01	-2.3039296165E-19	0.0000000000E+00	0.0000000000E+00	;
			0.0000000000E+00	-9.4867690092E-20	-2.3039296165E-19	1.6666666667E-04	0.0000000000E+00	0.0000000000E+00	;
			9.4867690092E-20	0.0000000000E+00	0.0000000000E+00	0.0000000000E+00	8.3333333333E-05	-8.4703294725E-22	;
			2.3039296165E-19	0.0000000000E+00	0.0000000000E+00	0.0000000000E+00	-8.4703294725E-22	8.3333333333E-05	];
      
Scp(nc,1)=0;
Scp(nc,2)=0;

Ecp(nc,1)=0;
Ecp(nc,2)=0;

%% S3 (67.5 deg)
nc=nc+1;
Ks(:,:,nc)=[     1.2411007353E+00    6.2955169830E-02   -3.9535076737E-16    1.2085337032E-17   -1.3518029884E-17    1.5377359362E-18;
     6.2955169830E-02    6.0199558523E-01   -6.7655118506E-18    5.6644183350E-18   -6.4089731520E-18   -3.7003407450E-17;
    -3.9535076737E-16   -6.7655118506E-18    4.2958286022E-01    1.4040126264E-17   -4.1867620942E-18   -2.0294848168E-17;
     1.2085337032E-17    5.6644183350E-18    1.4040126264E-17    8.5250166428E-04   -4.4496252991E-05    5.6178136738E-19;
    -1.3518029884E-17   -6.4089731520E-18   -4.1867620942E-18   -4.4496252991E-05    1.0317770796E-03   -2.0582900618E-19;
     1.5377359362E-18   -3.7003407450E-17   -2.0294848168E-17    5.6178136738E-19   -2.0582900618E-19    1.0299536864E-03];


Ms(:,:,nc)=	[		1.0000000000E-01	0.0000000000E+00	0.0000000000E+00	0.0000000000E+00	9.4867690092E-20	2.3039296165E-19	;
			0.0000000000E+00	1.0000000000E-01	0.0000000000E+00	-9.4867690092E-20	0.0000000000E+00	0.0000000000E+00	;
			0.0000000000E+00	0.0000000000E+00	1.0000000000E-01	-2.3039296165E-19	0.0000000000E+00	0.0000000000E+00	;
			0.0000000000E+00	-9.4867690092E-20	-2.3039296165E-19	1.6666666667E-04	0.0000000000E+00	0.0000000000E+00	;
			9.4867690092E-20	0.0000000000E+00	0.0000000000E+00	0.0000000000E+00	8.3333333333E-05	-8.4703294725E-22	;
			2.3039296165E-19	0.0000000000E+00	0.0000000000E+00	0.0000000000E+00	-8.4703294725E-22	8.3333333333E-05	];
      
Scp(nc,1)=0;
Scp(nc,2)=0;

Ecp(nc,1)=0;
Ecp(nc,2)=0;

%% S3 (90 deg)
nc=nc+1;
Ks(:,:,nc)=[     1.2000000000E+00    2.9112651310E-18    2.1727810094E-32   -1.8413473859E-33    1.4636729329E-18    9.8120296610E-18;
     2.9112651310E-18    5.0032440981E-01   -1.0265435925E-15    1.2709950903E-17    3.2751167243E-34    1.4426634271E-32;
     2.1727810094E-32   -1.0265435925E-15    4.2011700231E-01   -3.9949726050E-18    4.7572159013E-34    8.0728224327E-33;
    -1.8413473859E-33    1.2709950903E-17   -3.9949726050E-18    7.7369146073E-04   -2.2314596081E-21   -3.5318903265E-34;
     1.4636729329E-18    3.2751167243E-34    4.7572159013E-34   -2.2314596081E-21    1.0007475781E-03    1.2218450264E-19;
     9.8120296610E-18    1.4426634271E-32    8.0728224327E-33   -3.5318903265E-34    1.2218450264E-19    1.0004281932E-03];



Ms(:,:,nc)=	[		1.0000000000E-01	0.0000000000E+00	0.0000000000E+00	0.0000000000E+00	9.4867690092E-20	2.3039296165E-19	;
			0.0000000000E+00	1.0000000000E-01	0.0000000000E+00	-9.4867690092E-20	0.0000000000E+00	0.0000000000E+00	;
			0.0000000000E+00	0.0000000000E+00	1.0000000000E-01	-2.3039296165E-19	0.0000000000E+00	0.0000000000E+00	;
			0.0000000000E+00	-9.4867690092E-20	-2.3039296165E-19	1.6666666667E-04	0.0000000000E+00	0.0000000000E+00	;
			9.4867690092E-20	0.0000000000E+00	0.0000000000E+00	0.0000000000E+00	8.3333333333E-05	-8.4703294725E-22	;
			2.3039296165E-19	0.0000000000E+00	0.0000000000E+00	0.0000000000E+00	-8.4703294725E-22	8.3333333333E-05	];
      
Scp(nc,1)=0;
Scp(nc,2)=0;

Ecp(nc,1)=0;
Ecp(nc,2)=0;

%% C1 Cylinder
nc=nc+1;
Ks(:,:,nc)=[5.9647709E-01	0.0000000E+00	0.0000000E+00	0.0000000E+00	0.0000000E+00	0.0000000E+00;
           0.0000000E+00	1.2488246E-01	0.0000000E+00	0.0000000E+00	0.0000000E+00	0.0000000E+00;
           0.0000000E+00	0.0000000E+00	1.2488246E-01	0.0000000E+00	0.0000000E+00	0.0000000E+00;
           0.0000000E+00	0.0000000E+00	0.0000000E+00	2.2476317E-03	0.0000000E+00	0.0000000E+00;
           0.0000000E+00	0.0000000E+00	0.0000000E+00	0.0000000E+00	2.6972123E-03	-5.6941790E-19;
           0.0000000E+00	0.0000000E+00	0.0000000E+00	0.0000000E+00	-5.6941790E-19	2.6972123E-03];

       
Ms(:,:,nc)=[		5.9647708760E-03	0.0000000000E+00	0.0000000000E+00	0.0000000000E+00	5.0821976835E-21	1.4955425475E-21	;
		0.0000000000E+00	5.9647708760E-03	0.0000000000E+00	-5.0821976835E-21	0.0000000000E+00	0.0000000000E+00	;
		0.0000000000E+00	0.0000000000E+00	5.9647708760E-03	-1.4955425475E-21	0.0000000000E+00	0.0000000000E+00	;
		0.0000000000E+00	-5.0821976835E-21	-1.4955425475E-21	5.3942729837E-05	0.0000000000E+00	0.0000000000E+00	;
		5.0821976835E-21	0.0000000000E+00	0.0000000000E+00	0.0000000000E+00	2.6971364919E-05	3.6917070738E-21	;
		1.4955425475E-21	0.0000000000E+00	0.0000000000E+00	0.0000000000E+00	3.6917070738E-21	2.6971364919E-05	];

    
Scp(nc,1)=0;
Scp(nc,2)=0;

Ecp(nc,1)=0;	
Ecp(nc,2)=0;


%% C2 Half-cylinder
nc=nc+1;
Ks(:,:,nc)=[2.98239E-01	0.00000E+00	0.00000E+00	0.00000E+00	1.22515E-17	1.80473E-02;
0.00000E+00	4.96422E-02	4.58956E-17	3.07620E-17	0.00000E+00	0.00000E+00;
0.00000E+00	4.58956E-17	6.24431E-02	-7.52940E-03	0.00000E+00	0.00000E+00;
0.00000E+00	3.07620E-17	-7.52940E-03	9.11964E-04	0.00000E+00	0.00000E+00;
1.22515E-17	0.00000E+00	0.00000E+00	0.00000E+00	1.34861E-03	5.87507E-19;
1.80473E-02	0.00000E+00	0.00000E+00	0.00000E+00	5.87507E-19	1.34861E-03];

Ms(:,:,nc)=[		2.9823854380E-03	0.0000000000E+00	0.0000000000E+00	0.0000000000E+00	2.4563955470E-20	1.8047343879E-04	;
		0.0000000000E+00	2.9823854380E-03	0.0000000000E+00	-2.4563955470E-20	0.0000000000E+00	0.0000000000E+00	;
		0.0000000000E+00	0.0000000000E+00	2.9823854380E-03	-1.8047343879E-04	0.0000000000E+00	0.0000000000E+00	;
		0.0000000000E+00	-2.4563955470E-20	-1.8047343879E-04	2.6971364919E-05	0.0000000000E+00	0.0000000000E+00	;
		2.4563955470E-20	0.0000000000E+00	0.0000000000E+00	0.0000000000E+00	1.3485682459E-05	-8.4372422480E-23	;
		1.8047343879E-04	0.0000000000E+00	0.0000000000E+00	0.0000000000E+00	-8.4372422480E-23	1.3485682459E-05	];


Scp(nc,1)=-1.20577711E-01;
Scp(nc,2)=1.30823203E-15;

Ecp(nc,1)=-6.05119067E-02;	
Ecp(nc,2)=-1.25454561E-18;

%% C3 (E1/E2=1)
nc=nc+1;
Ks(:,:,nc)=[     5.9647708760E-01    0.0000000000E+00    0.0000000000E+00    0.0000000000E+00   -1.3536547373E-17   -4.6708067960E-18;
     0.0000000000E+00    1.2488246112E-01    2.9444281882E-15   -4.0353242991E-22    0.0000000000E+00    0.0000000000E+00;
     0.0000000000E+00    2.9444281882E-15    1.2488246112E-01   -3.4659826841E-18    0.0000000000E+00    0.0000000000E+00;
     0.0000000000E+00   -4.0353242991E-22   -3.4659826841E-18    2.2476317204E-03    0.0000000000E+00    0.0000000000E+00;
    -1.3536547373E-17    0.0000000000E+00    0.0000000000E+00    0.0000000000E+00    2.6972122584E-03   -1.2993169223E-18;
    -4.6708067960E-18    0.0000000000E+00    0.0000000000E+00    0.0000000000E+00   -1.2993169223E-18    2.6972122584E-03];


Ms(:,:,nc)=[     5.9647708760E-03    0.0000000000E+00    0.0000000000E+00    0.0000000000E+00    5.0821976835E-21    1.4955425475E-21;
     0.0000000000E+00    5.9647708760E-03    0.0000000000E+00   -5.0821976835E-21    0.0000000000E+00    0.0000000000E+00;
     0.0000000000E+00    0.0000000000E+00    5.9647708760E-03   -1.4955425475E-21    0.0000000000E+00    0.0000000000E+00;
     0.0000000000E+00   -5.0821976835E-21   -1.4955425475E-21    5.3942729837E-05    0.0000000000E+00    0.0000000000E+00;
     5.0821976835E-21    0.0000000000E+00    0.0000000000E+00    0.0000000000E+00    2.6971364919E-05    3.6917070738E-21;
     1.4955425475E-21    0.0000000000E+00    0.0000000000E+00    0.0000000000E+00    3.6917070738E-21    2.6971364919E-05];

    
Scp(nc,1)=0;
Scp(nc,2)=0;

Ecp(nc,1)=0;	
Ecp(nc,2)=0;

%% C3 (E1/E2=10)
nc=nc+1;
Ks(:,:,nc)=[     3.2806239818E-01    0.0000000000E+00    0.0000000000E+00    0.0000000000E+00   -4.0877810034E-18    1.6242609491E-02;
     0.0000000000E+00    3.9888599311E-02    2.1569372470E-15    5.4635864847E-17    0.0000000000E+00    0.0000000000E+00;
     0.0000000000E+00    2.1569372470E-15    6.8685809831E-02   -6.7763088882E-03    0.0000000000E+00    0.0000000000E+00;
     0.0000000000E+00    5.4635864847E-17   -6.7763088882E-03    1.0801834944E-03    0.0000000000E+00    0.0000000000E+00;
    -4.0877810034E-18    0.0000000000E+00    0.0000000000E+00    0.0000000000E+00    1.4834662033E-03   -3.7588562262E-20;
     1.6242609491E-02    0.0000000000E+00    0.0000000000E+00    0.0000000000E+00   -3.7588562262E-20    1.4834665125E-03];


Ms(:,:,nc)=[     3.2806239818E-03    0.0000000000E+00    0.0000000000E+00    0.0000000000E+00    3.4701881058E-20    1.6242609491E-04;
     0.0000000000E+00    3.2806239818E-03    0.0000000000E+00   -3.4701881058E-20    0.0000000000E+00    0.0000000000E+00;
     0.0000000000E+00    0.0000000000E+00    3.2806239818E-03   -1.6242609491E-04    0.0000000000E+00    0.0000000000E+00;
     0.0000000000E+00   -3.4701881058E-20   -1.6242609491E-04    2.9668501411E-05    0.0000000000E+00    0.0000000000E+00;
     3.4701881058E-20    0.0000000000E+00    0.0000000000E+00    0.0000000000E+00    1.4834250705E-05    2.0251449347E-21;
     1.6242609491E-04    0.0000000000E+00    0.0000000000E+00    0.0000000000E+00    2.0251449347E-21    1.4834250705E-05];

    
Scp(nc,1)=-9.8656606143E-02;
Scp(nc,2)=0;

Ecp(nc,1)=-4.9510732048E-02;	
Ecp(nc,2)=0;

%% C3 (E1/E2=100)
nc=nc+1;
Ks(:,:,nc)=[     3.0122092924E-01    0.0000000000E+00    0.0000000000E+00    0.0000000000E+00   -2.5924549347E-17    1.7866870440E-02;
     0.0000000000E+00    3.7462050740E-02    2.3450736210E-15    5.6172948132E-17    0.0000000000E+00    0.0000000000E+00;
     0.0000000000E+00    2.3450736210E-15    6.3066338637E-02   -7.4539630107E-03    0.0000000000E+00    0.0000000000E+00;
     0.0000000000E+00    5.6172948132E-17   -7.4539630107E-03    9.2945705896E-04    0.0000000000E+00    0.0000000000E+00;
    -2.5924549347E-17    0.0000000000E+00    0.0000000000E+00    0.0000000000E+00    1.3620914799E-03   -1.2988158368E-18;
     1.7866870440E-02    0.0000000000E+00    0.0000000000E+00    0.0000000000E+00   -1.2988158368E-18    1.3620915782E-03];


Ms(:,:,nc)=[     3.0122092924E-03    0.0000000000E+00    0.0000000000E+00    0.0000000000E+00    3.5482739556E-20    1.7866870440E-04;
     0.0000000000E+00    3.0122092924E-03    0.0000000000E+00   -3.5482739556E-20    0.0000000000E+00    0.0000000000E+00;
     0.0000000000E+00    0.0000000000E+00    3.0122092924E-03   -1.7866870440E-04    0.0000000000E+00    0.0000000000E+00;
     0.0000000000E+00   -3.5482739556E-20   -1.7866870440E-04    2.7241078568E-05    0.0000000000E+00    0.0000000000E+00;
     3.5482739556E-20    0.0000000000E+00    0.0000000000E+00    0.0000000000E+00    1.3620539284E-05    1.9911012826E-21;
     1.7866870440E-04    0.0000000000E+00    0.0000000000E+00    0.0000000000E+00    1.9911012826E-21    1.3620539284E-05];

    
Scp(nc,1)=-1.1819241725E-01;
Scp(nc,2)=0;

Ecp(nc,1)=-5.9314837404E-02;
Ecp(nc,2)=0;

%% C3 (E1/E2=1000)
nc=nc+1;
Ks(:,:,nc)=[     2.9853678234E-01    0.0000000000E+00    0.0000000000E+00    0.0000000000E+00   -2.2974239514E-18    1.8029296535E-02;
     0.0000000000E+00    4.7423889575E-02    1.5478703706E-14   -1.5210699032E-15    0.0000000000E+00    0.0000000000E+00;
     0.0000000000E+00    1.5478703706E-14    6.2504899495E-02   -7.5217899108E-03    0.0000000000E+00    0.0000000000E+00;
     0.0000000000E+00   -1.5210699032E-15   -7.5217899108E-03    9.1371282593E-04    0.0000000000E+00    0.0000000000E+00;
    -2.2974239514E-18    0.0000000000E+00    0.0000000000E+00    0.0000000000E+00    1.3499540052E-03    5.5171762955E-19;
     1.8029296535E-02    0.0000000000E+00    0.0000000000E+00    0.0000000000E+00    5.5171762955E-19    1.3499540158E-03];


Ms(:,:,nc)=[     2.9853678234E-03    0.0000000000E+00    0.0000000000E+00    0.0000000000E+00    3.5548914005E-20    1.8029296535E-04;
     0.0000000000E+00    2.9853678234E-03    0.0000000000E+00   -3.5548914005E-20    0.0000000000E+00    0.0000000000E+00;
     0.0000000000E+00    0.0000000000E+00    2.9853678234E-03   -1.8029296535E-04    0.0000000000E+00    0.0000000000E+00;
     0.0000000000E+00   -3.5548914005E-20   -1.8029296535E-04    2.6998336284E-05    0.0000000000E+00    0.0000000000E+00;
     3.5548914005E-20    0.0000000000E+00    0.0000000000E+00    0.0000000000E+00    1.3499168142E-05    1.9998424168E-21;
     1.8029296535E-04    0.0000000000E+00    0.0000000000E+00    0.0000000000E+00    1.9998424168E-21    1.3499168142E-05];

    
Scp(nc,1)=-1.2033920495E-01;
Scp(nc,2)=0;

Ecp(nc,1)=-6.0392211619E-02;
Ecp(nc,2)=0;

%% C3 (E1/E2=10000)
nc=nc+1;
Ks(:,:,nc)=[     2.9826836765E-01    0.0000000000E+00    0.0000000000E+00    0.0000000000E+00   -4.8336223732E-17    1.8045539145E-02;
     0.0000000000E+00    4.9401900691E-02    1.8130154504E-14   -2.3122116272E-15    0.0000000000E+00    0.0000000000E+00;
     0.0000000000E+00    1.8130154504E-14    6.2449262870E-02   -7.5286338824E-03    0.0000000000E+00    0.0000000000E+00;
     0.0000000000E+00   -2.3122116272E-15   -7.5286338824E-03    9.1213833693E-04    0.0000000000E+00    0.0000000000E+00;
    -4.8336223732E-17    0.0000000000E+00    0.0000000000E+00    0.0000000000E+00    1.3487402577E-03   -3.8308536243E-18;
     1.8045539145E-02    0.0000000000E+00    0.0000000000E+00    0.0000000000E+00   -3.8308536243E-18    1.3487402576E-03];


Ms(:,:,nc)=[     2.9826836765E-03    0.0000000000E+00    0.0000000000E+00    0.0000000000E+00    3.5573522628E-20    1.8045539145E-04;
     0.0000000000E+00    2.9826836765E-03    0.0000000000E+00   -3.5573522628E-20    0.0000000000E+00    0.0000000000E+00;
     0.0000000000E+00    0.0000000000E+00    2.9826836765E-03   -1.8045539145E-04    0.0000000000E+00    0.0000000000E+00;
     0.0000000000E+00   -3.5573522628E-20   -1.8045539145E-04    2.6974062055E-05    0.0000000000E+00    0.0000000000E+00;
     3.5573522628E-20    0.0000000000E+00    0.0000000000E+00    0.0000000000E+00    1.3487031028E-05    1.9976862138E-21;
     1.8045539145E-04    0.0000000000E+00    0.0000000000E+00    0.0000000000E+00    1.9976862138E-21    1.3487031028E-05];

    
Scp(nc,1)=-1.2055600877E-01;
Scp(nc,2)=0;

Ecp(nc,1)=-6.0501015534E-02;
Ecp(nc,2)=0;

%% C3 (E1/E2=100000)
nc=nc+1;
Ks(:,:,nc)=[     2.9824152619E-01    0.0000000000E+00    0.0000000000E+00    0.0000000000E+00   -3.1301890854E-17    1.8047163406E-02;
     0.0000000000E+00    4.9617951291E-02   -1.4571326992E-12    1.7566926692E-13    0.0000000000E+00    0.0000000000E+00;
     0.0000000000E+00   -1.4571326992E-12    6.2443759568E-02   -7.5293255712E-03    0.0000000000E+00    0.0000000000E+00;
     0.0000000000E+00    1.7566926692E-13   -7.5293255712E-03    9.1198169342E-04    0.0000000000E+00    0.0000000000E+00;
    -3.1301890854E-17    0.0000000000E+00    0.0000000000E+00    0.0000000000E+00    1.3486188829E-03   -1.4618014400E-18;
     1.8047163406E-02    0.0000000000E+00    0.0000000000E+00    0.0000000000E+00   -1.4618014400E-18    1.3486188817E-03];


Ms(:,:,nc)=[     2.9824152619E-03    0.0000000000E+00    0.0000000000E+00    0.0000000000E+00    3.5575684284E-20    1.8047163406E-04;
     0.0000000000E+00    2.9824152619E-03    0.0000000000E+00   -3.5575684284E-20    0.0000000000E+00    0.0000000000E+00;
     0.0000000000E+00    0.0000000000E+00    2.9824152619E-03   -1.8047163406E-04    0.0000000000E+00    0.0000000000E+00;
     0.0000000000E+00   -3.5575684284E-20   -1.8047163406E-04    2.6971634632E-05    0.0000000000E+00    0.0000000000E+00;
     3.5575684284E-20    0.0000000000E+00    0.0000000000E+00    0.0000000000E+00    1.3485817316E-05    1.9976384530E-21;
     1.8047163406E-04    0.0000000000E+00    0.0000000000E+00    0.0000000000E+00    1.9976384530E-21    1.3485817316E-05];

    
Scp(nc,1)=-1.2057771062E-01;
Scp(nc,2)=0;

Ecp(nc,1)=-6.0511906697E-02;
Ecp(nc,2)=0;

%% C4 Layered cylinder
nc=nc+1;
Ks(:,:,nc)=[3.9784032E-01	0.0000000E+00	0.0000000E+00	0.0000000E+00	3.6839781E-18	-1.0919949E-17;
0.0000000E+00	8.3114824E-02	1.8035976E-15	-2.2913833E-18	0.0000000E+00	0.0000000E+00;
0.0000000E+00	1.8035976E-15	8.3114824E-02	2.1336048E-18	0.0000000E+00	0.0000000E+00;
0.0000000E+00	-2.2913833E-18	2.1336048E-18	1.5009713E-03	0.0000000E+00	0.0000000E+00;
3.6839781E-18	0.0000000E+00	0.0000000E+00	0.0000000E+00	1.8012018E-03	-5.2492204E-19;
-1.0919949E-17	0.0000000E+00	0.0000000E+00	0.0000000E+00	-5.2492204E-19	1.8012018E-03];

Ms(:,:,nc)=[		3.9784032160E-03	0.0000000000E+00	0.0000000000E+00	0.0000000000E+00	-1.6940658945E-21	-1.5445116398E-20	;
		0.0000000000E+00	3.9784032160E-03	0.0000000000E+00	1.6940658945E-21	0.0000000000E+00	0.0000000000E+00	;
		0.0000000000E+00	0.0000000000E+00	3.9784032160E-03	1.5445116398E-20	0.0000000000E+00	0.0000000000E+00	;
		0.0000000000E+00	1.6940658945E-21	1.5445116398E-20	3.6023024281E-05	0.0000000000E+00	0.0000000000E+00	;
		-1.6940658945E-21	0.0000000000E+00	0.0000000000E+00	0.0000000000E+00	1.8011512141E-05	1.5741247057E-21	;
		-1.5445116398E-20	0.0000000000E+00	0.0000000000E+00	0.0000000000E+00	1.5741247057E-21	1.8011512141E-05	];

Scp(nc,1)=0;
Scp(nc,2)=0;

Ecp(nc,1)=0;	
Ecp(nc,2)=0;

%% T1
nc=nc+1;
Ks(:,:,nc)=[2.92000000	0.00000000	0.00000000	0.00000000	0.00000000	0.05750000;
0.00000000	0.76109705	0.00000000	0.00000000	0.00000000	0.00000000;
0.00000000	0.00000000	0.29264210	-0.00826126	0.00000000	0.00000000;
0.00000000	0.00000000	-0.00826126	0.03948203	0.00000000	0.00000000;
0.00000000	0.00000000	0.00000000	0.00000000	0.03287731	0.00000000;
0.05750000	0.00000000	0.00000000	0.00000000	0.00000000	0.29377199];

Ms(:,:,nc)=[		2.9200000000E-02	0.0000000000E+00	0.0000000000E+00	0.0000000000E+00	5.2854855909E-19	5.7500000000E-04	;
		0.0000000000E+00	2.9200000000E-02	0.0000000000E+00	-5.2854855909E-19	0.0000000000E+00	0.0000000000E+00	;
		0.0000000000E+00	0.0000000000E+00	2.9200000000E-02	-5.7500000000E-04	0.0000000000E+00	0.0000000000E+00	;
		0.0000000000E+00	-5.2854855909E-19	-5.7500000000E-04	3.2663316667E-03	0.0000000000E+00	0.0000000000E+00	;
		5.2854855909E-19	0.0000000000E+00	0.0000000000E+00	0.0000000000E+00	3.2872333333E-04	1.8634724840E-20	;
		5.7500000000E-04	0.0000000000E+00	0.0000000000E+00	0.0000000000E+00	1.8634724840E-20	2.9376083333E-03	];

    
Scp(nc,1)=-2.823E-02;
Scp(nc,2)=-7.984E-14;

Ecp(nc,1)=-1.969E-02;	
Ecp(nc,2)=-6.627E-16;

%% T2
nc=nc+1;
Ks(:,:,nc)=[		4.3675242044E+00	-8.4752026231E-01	7.1044333006E-14	-5.2930763597E-15	1.1437318051E-14	5.6430872759E-02	;
		-8.4752026231E-01	1.7909939114E+00	-1.3349762005E-13	-5.3825647927E-14	-4.7992426969E-14	2.7503025990E-03	;
		7.1044333006E-14	-1.3349762005E-13	3.2169304994E-01	-1.4916992891E-02	-3.1277502455E-03	-2.6938559731E-15	;
		-5.2930763597E-15	-5.3825647927E-14	-1.4916992891E-02	7.7321452673E-02	1.8272925216E-02	5.3586585510E-15	;
		1.1437318051E-14	-4.7992426969E-14	-3.1277502455E-03	1.8272925216E-02	5.2272276010E-02	2.3672052711E-15	;
		5.6430872759E-02	2.7503025990E-03	-2.6938559731E-15	5.3586585510E-15	2.3672052711E-15	3.8131316795E-01	];


Ms(:,:,nc)=[		2.0920000000E-01	0.0000000000E+00	0.0000000000E+00	0.0000000000E+00	9.2157184661E-19	5.7500000000E-04	;
		0.0000000000E+00	2.0920000000E-01	0.0000000000E+00	-9.2157184661E-19	0.0000000000E+00	0.0000000000E+00	;
		0.0000000000E+00	0.0000000000E+00	2.0920000000E-01	-5.7500000000E-04	0.0000000000E+00	0.0000000000E+00	;
		0.0000000000E+00	-9.2157184661E-19	-5.7500000000E-04	2.0859831667E-02	0.0000000000E+00	0.0000000000E+00	;
		9.2157184661E-19	0.0000000000E+00	0.0000000000E+00	0.0000000000E+00	2.9222233333E-03	-2.7105054312E-19	;
		5.7500000000E-04	0.0000000000E+00	0.0000000000E+00	0.0000000000E+00	-2.7105054312E-19	1.7937608333E-02	];
    
Scp(nc,1)=-4.2996470579E-02;
Scp(nc,2)=2.337525845E-14;

Ecp(nc,1)=-1.4555105655E-02;	
Ecp(nc,2)=-2.463368131E-15;

%% T2 Q8
nc=nc+1;
Ks(:,:,nc)=[		4.3657961164E+00	-8.4567913338E-01	-3.4884251672E-13	2.1684112582E-13	1.5080438218E-13	5.6511777012E-02	;
		-8.4567913338E-01	1.7841557459E+00	4.8061197530E-13	-2.1002200042E-13	-1.8609388732E-13	2.3725290028E-03	;
		-3.4884251672E-13	4.8061197530E-13	3.1921103433E-01	-1.4813109814E-02	-3.1104860923E-03	5.9963041922E-15	;
		2.1684112582E-13	-2.1002200042E-13	-1.4813109814E-02	7.7073241731E-02	1.8243365831E-02	-1.5786027760E-15	;
		1.5080438218E-13	-1.8609388732E-13	-3.1104860923E-03	1.8243365831E-02	5.2244168589E-02	1.1105389893E-16	;
		5.6511777012E-02	2.3725290028E-03	5.9963041922E-15	-1.5786027760E-15	1.1105389893E-16	3.8094884853E-01	];



Ms(:,:,nc)=[		2.0920000000E-01	0.0000000000E+00	0.0000000000E+00	0.0000000000E+00	2.8622937354E-17	5.7500000000E-04	;
		0.0000000000E+00	2.0920000000E-01	0.0000000000E+00	-2.8622937354E-17	0.0000000000E+00	0.0000000000E+00	;
		0.0000000000E+00	0.0000000000E+00	2.0920000000E-01	-5.7500000000E-04	0.0000000000E+00	0.0000000000E+00	;
		0.0000000000E+00	-2.8622937354E-17	-5.7500000000E-04	2.0859831667E-02	0.0000000000E+00	0.0000000000E+00	;
		2.8622937354E-17	0.0000000000E+00	0.0000000000E+00	0.0000000000E+00	2.9222233333E-03	-4.0657581468E-19	;
		5.7500000000E-04	0.0000000000E+00	0.0000000000E+00	0.0000000000E+00	-4.0657581468E-19	1.7937608333E-02	];

    
Scp(nc,1)=-4.3027692173E-02;
Scp(nc,2)=5.9109833700E-14;

Ecp(nc,1)=-1.4536463787E-02;	
Ecp(nc,2)=8.8165100112E-15;

%% Detailed WT Section
nc=nc+1;
Ks(:,:,nc)=[		6.4844521356E+09	1.5975897396E+08	-1.5171220136E+07	-7.6455491431E+06	2.8133665551E+08	1.8026414232E+09	;
		1.5975897396E+08	7.0729372779E+08	-4.6654913262E+07	-3.0208828864E+07	-4.7213845428E+06	-3.6083859100E+07	;
		-1.5171220136E+07	-4.6654913262E+07	3.5588553253E+08	1.4859630165E+08	-2.0154528772E+07	4.0729201025E+06	;
		-7.6455491431E+06	-3.0208828864E+07	1.4859630165E+08	1.2619086151E+09	-3.0471571451E+08	2.4299690642E+07	;
		2.8133665551E+08	-4.7213845428E+06	-2.0154528772E+07	-3.0471571451E+08	3.8141917118E+09	1.2409232729E+09	;
		1.8026414232E+09	-3.6083859100E+07	4.0729201025E+06	2.4299690642E+07	1.2409232729E+09	1.3442273587E+10	];




Ms(:,:,nc)=[		6.8487668234E+02	0.0000000000E+00	0.0000000000E+00	0.0000000000E+00	4.7256947204E+01	3.3535314944E+02	;
		0.0000000000E+00	6.8487668234E+02	0.0000000000E+00	-4.7256947204E+01	0.0000000000E+00	0.0000000000E+00	;
		0.0000000000E+00	0.0000000000E+00	6.8487668234E+02	-3.3535314944E+02	0.0000000000E+00	0.0000000000E+00	;
		0.0000000000E+00	-4.7256947204E+01	-3.3535314944E+02	2.2287096692E+03	0.0000000000E+00	0.0000000000E+00	;
		4.7256947204E+01	0.0000000000E+00	0.0000000000E+00	0.0000000000E+00	3.5066902538E+02	1.8688830230E+02	;
		3.3535314944E+02	0.0000000000E+00	0.0000000000E+00	0.0000000000E+00	1.8688830230E+02	1.8780406438E+03	];


Scp(nc,1)=4.1082332521E-01;
Scp(nc,2)=1.5964542880E-02;

Ecp(nc,1)=-2.8081701784E-01;	
Ecp(nc,2)=4.3795519002E-02;


%% S4
nc=nc+1;
Ks(:,:,nc)=[		4.3549521328E+08	1.5273781772E+07	1.7987894993E+07	-5.6911868789E+05	-3.3764271008E+06	5.8699021020E+06	;
		1.5273781772E+07	5.5439650719E+07	5.4057521264E+06	9.5213644102E+05	3.5379444546E+05	3.7208070714E+05	;
		1.7987894993E+07	5.4057521264E+06	4.2501280096E+07	-9.0552495760E+05	2.9138984172E+05	4.6952327316E+05	;
		-5.6911868789E+05	9.5213644102E+05	-9.0552495760E+05	9.8282627247E+04	-1.0415787297E+04	-1.8571089709E+04	;
		-3.3764271008E+06	3.5379444546E+05	2.9138984172E+05	-1.0415787297E+04	3.5129365576E+05	4.5637258428E+04	;
		5.8699021020E+06	3.7208070714E+05	4.6952327316E+05	-1.8571089709E+04	4.5637258428E+04	3.6328106026E+05	];


Ms(:,:,nc)=[     1.5152500000E+01    0.0000000000E+00    0.0000000000E+00    0.0000000000E+00   -2.2118750000E-01    1.2868750000E-01;
     0.0000000000E+00    1.5152500000E+01    0.0000000000E+00    2.2118750000E-01    0.0000000000E+00    0.0000000000E+00;
     0.0000000000E+00    0.0000000000E+00    1.5152500000E+01   -1.2868750000E-01    0.0000000000E+00    0.0000000000E+00;
     0.0000000000E+00    2.2118750000E-01   -1.2868750000E-01    2.5254166667E-02    0.0000000000E+00    0.0000000000E+00;
    -2.2118750000E-01    0.0000000000E+00    0.0000000000E+00    0.0000000000E+00    1.2627083333E-02    7.1718750000E-04;
     1.2868750000E-01    0.0000000000E+00    0.0000000000E+00    0.0000000000E+00    7.1718750000E-04    1.2627083333E-02];

Scp(nc,1)=-2.2911924496E-02;
Scp(nc,2)=-2.0091994464E-02;

Ecp(nc,1)=-1.3016954364E-02;	
Ecp(nc,2)=-8.6673669666E-03;

%% Set numbers close to zero to zero (to avoid strange results when doing the relative difference)
for i=1:size(Ks,3)
    for ii=1:6
        for iii=1:6
            if(abs(Ks(ii,iii,i))<1E-8);
                Ks(ii,iii,i)=0;
            end
        end
        for iii=1:6
            if(abs(Ms(ii,iii,i))<1E-8);
                Ms(ii,iii,i)=0;
            end
        end        
    end
    for ii=1:2
        if(abs(Scp(i,ii))<1E-8)
            Scp(i,ii)=0;
        end
