********************************
*                              *
*          BECAS 2.3           *
*              by              *
*     becas-dtuwind@dtu.dk     *
*                              *
*   A cross section analysis   *
*   program for anisotropic    *
*   beams with arbitrary       *
*   geometry.                  *
*                              *
*     (c)DTU Wind Energy       *
********************************


Output generated on the (yyyy.mm.dd) 2021. 5.18 at (hh.mm.ss) 20.51.48  
Element type is: Q4 
The input folder: is C:\Users\andre\Documents\GitHub\PGE\Preliminare\64.8_80\Cp-Lambda_v3_2021_CLEAN_March2021\3.Structure\CrossSectionAnalysis_v1.06\BECASFiles\BECAS_Section_13\BECAS_SECTION 

Stiffness matrix w.r.t. to the cross section reference point 
K=
      201819801.796	     -6273326.91156	                  0	                  0	                  0	     -2721629.34433
     -6273326.91156	      62208148.5299	                  0	                  0	                  0	       4385113.3731
                  0	                  0	      2689504981.83	     -6591761.46017	      522003401.178	                  0
                  0	                  0	     -6591761.46017	      259129804.708	      28965168.2513	                  0
                  0	                  0	      522003401.178	      28965168.2513	      1006643274.31	                  0
     -2721629.34433	       4385113.3731	                  0	                  0	                  0	       47979615.691

Compliance matrix w.r.t. to the cross section reference point 
F=
  4.97319000935e-09	  4.84754399503e-10	                  0	                  0	                 -0	   2.3779842127e-10
  4.84754399503e-10	  1.62265511303e-08	                  0	                  0	                  0	  -1.4555336377e-09
                  0	                  0	  4.13734768505e-10	  3.46175700263e-11	 -2.15541757067e-10	                 -0
                  0	                  0	  3.46175700263e-11	  3.87441832016e-09	 -1.29433803551e-10	                 -0
                  0	                  0	 -2.15541757067e-10	 -1.29433803551e-10	  1.10889590252e-09	                 -0
   2.3779842127e-10	  -1.4555336377e-09	                  0	                  0	                  0	   2.0988702487e-08

Mass matrix w.r.t. to the cross section reference point 
M=
      168.500049619	                  0	                  0	                  0	                  0	    -0.214790807996
                  0	      168.500049619	                  0	                  0	                  0	     -40.7090791666
                  0	                  0	      168.500049619	     0.214790807996	      40.7090791666	                  0
                 -0	                 -0	     0.214790807996	      14.5740695887	      2.37527939251	                  0
                 -0	                 -0	      40.7090791666	      2.37527939251	      74.8345704438	                  0
    -0.214790807996	     -40.7090791666	                 -0	                  0	                  0	      89.4086400325

Shear center;
ShearX=    0.0693484334535 
ShearY=    0.0113298295317 

Elastic center:
ElasticX=    -0.194089025566 
ElasticY=  -0.00245091996658 

Orientation of principle axis w.r.t. reference center:
alpha_p=     -2.21570779051o or    -0.0386713962065rad 

Orientation of principle axis w.r.t. elastic center:
alpha_p=     -2.67380376214o or    -0.0466666792016rad 

Mass center:
MassX=    -0.241596837856 
MassY=   0.00127472252074 

Mass per unit length:
Mass=      168.500049619 

Mass moments of inertia:
Ixx=      14.5740695887 
Iyy=      74.8345704438 
Ixy=     -2.37527939251 

Area center:
AreaX=    -0.376970004333 
AreaY=    0.0119636700809 

Area per unit length:
Area=     0.216565197822 
Area moments:
Ixx=   0.00259091457774 
Iyy=   -0.0816385835612 
Ixy=  -0.00494237486768 

Stiffness matrix with respect to shear center:
      201819801.796	     -6273326.91156	                  0	                  0	                  0	  1.33831053972e-06
     -6273326.91156	      62208148.5299	                  0	                  0	                  0	 -4.03815647587e-07
                  0	                  0	      2689504981.83	      -37063394.429	      708516358.433	                  0
                  0	                  0	      -37063394.429	      259624410.183	      20480670.3589	                  0
                  0	                  0	      708516358.433	      20480670.3589	      1091977891.98	                  0
  4.65661287308e-10	                  0	                  0	                  0	                  0	      47644679.3515

Stiffness matrix with respect to the elastic center:
      201819801.796	     -6273326.91156	                  0	                  0	                  0	     -4433857.43352
     -6273326.91156	      62208148.5299	                  0	                  0	                  0	      16474407.7257
                  0	                  0	      2689504981.83	  -3.0156224966e-06	 -8.94069671631e-07	                  0
                  0	                  0	 -3.72529029846e-09	      259113648.829	      30244556.8099	                  0
                  0	                  0	 -1.78813934326e-07	      30244556.8099	      905328142.837	                  0
     -4433857.43353	      16474407.7257	                  0	                  0	                  0	      52045757.3402

Stiffness matrix rotated along principle axis:
      202095832.885	      -860976.56147	                  0	                  0	                  0	     -2889130.72409
     -860976.561471	      61932117.4406	                  0	                  0	                  0	      4276611.88816
                  0	                  0	      2689504981.83	     -26768402.4529	      521358278.721	                  0
                  0	                  0	     -26768402.4529	      258009122.504	 -6.89917252071e-06	                  0
                  0	                  0	      521358278.721	  3.23328086823e-09	      1007763956.52	                  0
     -2889130.72409	      4276611.88816	                  0	                  0	                  0	       47979615.691

Stiffness matrix at the elastic center rotated along principle axis:
       202100640.09	      259734.324526	                  0	                  0	                  0	      -5197557.2115
      259734.324526	      61927310.2363	                  0	                  0	                  0	      16249633.8632
                  0	                  0	      2689504981.83	  -2.9706312927e-06	 -1.03377431897e-06	                  0
                  0	                  0	  4.62038943316e-09	      257701210.323	 -7.48864306611e-06	                  0
                  0	                  0	 -1.78793044883e-07	  5.51720056517e-09	      906740581.342	                  0
      -5197557.2115	      16249633.8632	                  0	                  0	                  0	      52045757.3402

Mass matrix with respect to mass center
      168.500049619	                  0	                  0	                  0	                  0	                  0
                  0	      168.500049619	                  0	                  0	                  0	                  0
                  0	                  0	      168.500049619	                  0	                  0	                  0
                  0	                  0	                  0	        14.57379579	      2.32338661249	                  0
                  0	                  0	                  0	      2.32338661249	      64.9993856451	                  0
                  0	                  0	                  0	                  0	                  0	      79.5731814352
