function surface = DefineDefaultPointsForSurfaces

% This subroutine defines the standard coordinates for hub, nacelle
% surfaces. These data should not be edited as they are quite standard for
% the majority of applications #LS

% nacelle_botton
%--------------------------------------------------------------------------
surface.nacelle_botton.name             = 'nacelle_botton'; 
surface.nacelle_botton.type             = 'surface'; 
surface.nacelle_botton.frame            = 'frame_shape_nacelle_botton'; 
surface.nacelle_botton.numb_points      = [12 9]; 
surface.nacelle_botton.curve_degree     = [3 2]; 
surface.nacelle_botton.coordinates      = [    
                                            1 			1.34387 	-4 				1;
                                           0.958954 	1.34387 	-3.66593 		1;
                                           0.891552 	1.34387 	-3.16492 		1;
                                           0.791786 	1.34387 	-2.49877 		1;
                                           0.708529 	1.34387 	-1.99822 		1;
                                           0.614589 	1.34387 	-1.49652 		1;
                                           0.502893 	1.34387 	-0.993445 		1;
                                           0.391164 	1.34387 	-0.588452 		1;
                                           0.27344 		1.34387 	-0.290956 		1;
                                           0.173859 	1.34387 	-0.090947 		1;
                                           0.0715269 	1.34387 	-0.0245467 		1;
                                           0.02 		1.34387 	0 				1;
                                           1 			2.34387		-4 				0.707107;
                                           0.958954 	2.30282		-3.66592 		0.707107;
                                           0.891553 	2.23542		-3.16491 		0.707107;
                                           0.791787 	2.13566		-2.49877 		0.707107;
                                           0.708529 	2.05241		-1.99821 		0.707107;
                                           0.614589 	1.95846		-1.49652 		0.707107;
                                           0.502893 	1.84676		-0.993445 		0.707107;
                                           0.391163 	1.73503		-0.588451 		0.707107;
                                           0.273441 	1.61731		-0.290956 		0.707107;
                                           0.173859 	1.51773		-0.0909469 		0.707107;
                                           0.0715269 	1.4154 		-0.0245468 		0.707107;
                                           0.0199999 	1.36387 	0 				0.707107;
                                           0 			2.34387 	-4 				1;
                                           0 			2.30282 	-3.66593 		1;
                                           0 			2.23542 	-3.16492 		1;
                                           0 			2.13566 	-2.49877 		1;
                                           0 			2.0524 		-1.99822 		1;
                                           0 			1.95846 	-1.49652 		1;
                                           0 			1.84676 	-0.993445 		1;
                                           0 			1.73503 	-0.588452 		1;
                                           0 			1.61731 	-0.290956 		1;
                                           0 			1.51773 	-0.090947 		1;
                                           0 			1.4154 		-0.0245467 		1;
                                           0 			1.36387 	0 				1;
                                           -1 			2.34387 	-4 				0.707107;
                                           -0.958954 	2.30282 	-3.66592 		0.707107;
                                           -0.891553 	2.23542 	-3.16491 		0.707107;
                                           -0.791787 	2.13566 	-2.49877 		0.707107;
                                           -0.708529 	2.05241 	-1.99821 		0.707107;
                                           -0.614589 	1.95846 	-1.49652 		0.707107;
                                           -0.502893 	1.84676 	-0.993445 		0.707107;
                                           -0.391163 	1.73503 	-0.588451 		0.707107;
                                           -0.273441 	1.61731 	-0.290956 		0.707107;
                                           -0.173859 	1.51773 	-0.0909469 		0.707107;
                                           -0.0715269 	1.4154 		-0.0245468 		0.707107;
                                           -0.0199999 	1.36387 	0 				0.707107;
                                           -1 			1.34387 	-4 				1;
                                           -0.958954 	1.34387 	-3.66593 		1;
                                           -0.891552 	1.34387 	-3.16492 		1;
                                           -0.791786 	1.34387 	-2.49877 		1;
                                           -0.708529 	1.34387 	-1.99822 		1;
                                           -0.614589 	1.34387 	-1.49652 		1;
                                           -0.502893 	1.34387 	-0.993445 		1;
                                           -0.391164 	1.34387 	-0.588452 		1;
                                           -0.27344 	1.34387 	-0.290956 		1;
                                           -0.173859 	1.34387 	-0.090947 		1;
                                           -0.0715269 	1.34387 	-0.0245467 		1;
                                           -0.02 		1.34387 	0 				1;
                                           -1 			0.343872 	-4 				0.707107;
                                           -0.958954 	0.384918 	-3.66592 		0.707107;
                                           -0.891553 	0.452319 	-3.16491 		0.707107;
                                           -0.791787 	0.552085 	-2.49877 		0.707107;
                                           -0.708529 	0.635342 	-1.99821 		0.707107;
                                           -0.614589 	0.729281 	-1.49652 		0.707107;
                                           -0.502893 	0.840977 	-0.993445 		0.707107;
                                           -0.391163 	0.952707 	-0.588451 		0.707107;
                                           -0.273441 	1.07043 	-0.290956 		0.707107;
                                           -0.173859 	1.17001 	-0.0909469 		0.707107;
                                           -0.0715269 	1.27234 	-0.0245468 		0.707107;
                                           -0.0199999 	1.32387 	0 				0.707107;
                                           0 			0.343871 	-4 				1;
                                           0 			0.384917 	-3.66593 		1;
                                           0 			0.452319 	-3.16492 		1;
                                           0 			0.552085 	-2.49877 		1;
                                           0 			0.635342 	-1.99822 		1;
                                           0 			0.729282 	-1.49652 		1;
                                           0 			0.840978 	-0.993445 		1;
                                           0 			0.952708 	-0.588452 		1;
                                           0 			1.07043 	-0.290956 		1;
                                           0 			1.17001 	-0.090947 		1;
                                           0 			1.27234 	-0.0245467 		1;
                                           0 			1.32387 	0 				1;
                                           1 			0.343872 	-4 				0.707107;
                                           0.958954 	0.384918 	-3.66592 		0.707107;
                                           0.891553 	0.452319 	-3.16491 		0.707107;
                                           0.791787 	0.552085 	-2.49877 		0.707107;
                                           0.708529 	0.635342 	-1.99821 		0.707107;
                                           0.614589 	0.729281 	-1.49652 		0.707107;
                                           0.502893 	0.840977 	-0.993445 		0.707107;
                                           0.391163 	0.952707 	-0.588451 		0.707107;
                                           0.273441 	1.07043 	-0.290956 		0.707107;
