********************************
*                              *
*          BECAS 2.3           *
*              by              *
*     becas-dtuwind@dtu.dk     *
*                              *
*   A cross section analysis   *
*   program for anisotropic    *
*   beams with arbitrary       *
*   geometry.                  *
*                              *
*     (c)DTU Wind Energy       *
********************************


Output generated on the (yyyy.mm.dd) 2021. 5.21 at (hh.mm.ss) 11.37. 3  
Element type is: Q4 
The input folder: is C:\69.6_80\3.Structure\CrossSectionAnalysis_v1.06\BECASFiles\BECAS_Section_18\BECAS_SECTION 

Stiffness matrix w.r.t. to the cross section reference point 
K=
      169059867.163	     -3191407.36979	                  0	                  0	                  0	     -7194042.05392
     -3191407.36978	      34848815.3053	                  0	                  0	                  0	      236560.182486
                  0	                  0	      2261012675.87	      57103657.0259	       310489332.87	                  0
                  0	                  0	      57103657.0259	      74459431.7216	       14074497.469	                  0
                  0	                  0	       310489332.87	       14074497.469	      370181637.525	                  0
     -7194042.05392	      236560.182486	                  0	                  0	                  0	       14855356.849

Compliance matrix w.r.t. to the cross section reference point 
F=
  6.04944935377e-09	  5.34171585716e-10	                  0	                  0	                 -0	  2.92107619948e-09
  5.34171585716e-10	  2.87456500853e-08	                  0	                  0	                  0	 -1.99067811582e-10
                  0	                  0	  5.06885418723e-10	 -3.10604803282e-10	  -4.1334008355e-10	                 -0
                  0	                  0	 -3.10604803282e-10	  1.37176791134e-08	 -2.61033914191e-10	                 -0
                  0	                  0	  -4.1334008355e-10	 -2.61033914191e-10	   3.0579896278e-09	                 -0
  2.92107619948e-09	 -1.99067811582e-10	                  0	                  0	                  0	  6.87335516015e-08

Mass matrix w.r.t. to the cross section reference point 
M=
      130.275690459	                  0	                  0	                  0	                  0	     -3.39716754467
                  0	      130.275690459	                  0	                  0	                  0	     -21.2391606983
                  0	                  0	      130.275690459	      3.39716754467	      21.2391606983	                  0
                 -0	                 -0	      3.39716754467	      4.00048928387	      1.00499594995	                  0
                 -0	                 -0	      21.2391606983	      1.00499594995	      25.6292627453	                  0
     -3.39716754467	     -21.2391606983	                 -0	                  0	                  0	      29.6297520292

Shear center;
ShearX=   0.00289622472496 
ShearY=     0.042498548837 

Elastic center:
ElasticX=    -0.137323127899 
ElasticY=    0.0252557880967 

Orientation of principle axis w.r.t. reference center:
alpha_p=     -2.71872358772o or    -0.0474506780574rad 

Orientation of principle axis w.r.t. elastic center:
alpha_p=     -1.40193583211o or    -0.0244683961721rad 

Mass center:
MassX=    -0.163032417049 
MassY=    0.0260767571655 

Mass per unit length:
Mass=      130.275690459 

Mass moments of inertia:
Ixx=      4.00048928387 
Iyy=      25.6292627453 
Ixy=     -1.00499594995 

Area center:
AreaX=    -0.243070006611 
AreaY=    0.0291715372501 

Area per unit length:
Area=     0.114199028046 
Area moments:
Ixx=   0.00333136120057 
Iyy=   -0.0277583585021 
Ixy=  -0.00141040298997 

Stiffness matrix with respect to shear center:
      169059867.163	     -3191407.36979	                  0	                  0	                  0	 -2.95229256153e-07
     -3191407.36978	      34848815.3053	                  0	                  0	                  0	  1.33004505187e-08
                  0	                  0	      2261012675.87	     -38986100.6007	      317037733.685	                  0
                  0	                  0	     -38986100.6007	      73689461.8651	      766238.884206	                  0
                  0	                  0	      317037733.685	      766238.884206	      371999096.931	                  0
 -9.31322574615e-10	                  0	                  0	                  0	                  0	        14548935.37

Stiffness matrix with respect to the elastic center:
      169059867.163	     -3191407.36979	                  0	                  0	                  0	     -3362555.91561
     -3191407.36978	      34848815.3053	                  0	                  0	                  0	      4941506.99553
                  0	                  0	      2261012675.87	 -7.22706317902e-07	  5.66244125366e-06	                  0
                  0	                  0	  1.49011611938e-08	      73017233.8602	      6232844.67177	                  0
                  0	                  0	  6.55651092529e-07	      6232844.67177	      327544271.156	                  0
     -3362555.91561	      4941506.99553	                  0	                  0	                  0	       15299810.029

Stiffness matrix rotated along principle axis:
      169060323.209	      3181803.63834	                  0	                  0	                  0	     -7197165.36937
      3181803.63834	      34848359.2594	                  0	                  0	                  0	     -104940.170974
                  0	                  0	      2261012675.87	      42311981.4358	      312848445.256	                  0
                  0	                  0	      42311981.4358	      73791085.5894	 -6.44672296664e-07	                  0
                  0	                  0	      312848445.256	 -6.86751163108e-11	      370849983.657	                  0
     -7197165.36937	     -104940.170974	                  0	                  0	                  0	       14855356.849

Stiffness matrix at the elastic center rotated along principle axis:
      169135645.628	      95031.8877964	                  0	                  0	                  0	     -3482448.06696
      95031.8877977	      34773036.8398	                  0	                  0	                  0	      4857759.68255
                  0	                  0	      2261012675.87	 -8.61027016875e-07	  5.64306457958e-06	                  0
                  0	                  0	 -1.14442919115e-09	      72864695.7047	 -8.69287698336e-07	                  0
                  0	                  0	  6.55819403511e-07	  8.82142663583e-10	      327696809.312	                  0
     -3482448.06695	      4857759.68255	                  0	                  0	                  0	       15299810.029

Mass matrix with respect to mass center
      130.275690459	                  0	                  0	                  0	                  0	                  0
                  0	      130.275690459	                  0	                  0	                  0	                  0
                  0	                  0	      130.275690459	                  0	                  0	                  0
                  0	                  0	                  0	      3.91190217076	      0.45114751402	                  0
                  0	                  0	                  0	      0.45114751402	      22.1665910406	                  0
                  0	                  0	                  0	                  0	                  0	      26.0784932113
