********************************
*                              *
*          BECAS 2.3           *
*              by              *
*     becas-dtuwind@dtu.dk     *
*                              *
*   A cross section analysis   *
*   program for anisotropic    *
*   beams with arbitrary       *
*   geometry.                  *
*                              *
*     (c)DTU Wind Energy       *
********************************


Output generated on the (yyyy.mm.dd) 2021. 5.21 at (hh.mm.ss) 11.36.44  
Element type is: Q4 
The input folder: is C:\69.6_80\3.Structure\CrossSectionAnalysis_v1.06\BECASFiles\BECAS_Section_14\BECAS_SECTION 

Stiffness matrix w.r.t. to the cross section reference point 
K=
      192532808.105	     -5323713.84037	                  0	                  0	                  0	     -4480871.94053
     -5323713.84037	      53383534.8033	                  0	                  0	                  0	      3256619.92343
                  0	                  0	      2586915875.13	      18893604.3092	      465997566.443	                  0
                  0	                  0	      18893604.3092	      196008213.893	      24975719.3389	                  0
                  0	                  0	      465997566.443	      24975719.3389	      810666384.124	                  0
     -4480871.94053	      3256619.92343	                  0	                  0	                  0	      36357165.9381

Compliance matrix w.r.t. to the cross section reference point 
F=
  5.22127259888e-09	  4.84084366276e-10	                  0	                  0	                 -0	  6.00139601848e-10
  4.84084366276e-10	   1.8880171187e-08	                  0	                  0	                  0	 -1.63149189606e-09
                  0	                  0	  4.31231547318e-10	 -1.00204852915e-11	  -2.4757728546e-10	                 -0
                  0	                  0	 -1.00204852915e-11	  5.12216714766e-09	 -1.52048104794e-10	                 -0
                  0	                  0	  -2.4757728546e-10	 -1.52048104794e-10	  1.38055301816e-09	                 -0
  6.00139601848e-10	 -1.63149189607e-09	                  0	                  0	                  0	  2.77249964817e-08

Mass matrix w.r.t. to the cross section reference point 
M=
      159.071073567	                  0	                  0	                  0	                  0	     -1.58274073855
                  0	      159.071073567	                  0	                  0	                  0	     -35.3637352775
                  0	                  0	      159.071073567	      1.58274073855	      35.3637352775	                  0
                 -0	                 -0	      1.58274073855	      10.9041074086	      2.02576162944	                  0
                 -0	                 -0	      35.3637352775	      2.02576162944	      59.5930697662	                  0
     -1.58274073855	     -35.3637352775	                 -0	                  0	                  0	      70.4971771747

Shear center;
ShearX=    0.0588455222039 
ShearY=    0.0216461561048 

Elastic center:
ElasticX=    -0.180136343405 
ElasticY=   0.00730352482305 

Orientation of principle axis w.r.t. reference center:
alpha_p=     -2.32302364166o or    -0.0405444111486rad 

Orientation of principle axis w.r.t. elastic center:
alpha_p=     -2.32322425099o or    -0.0405479124419rad 

Mass center:
MassX=    -0.222314054243 
MassY=    0.0099498966283 

Mass per unit length:
Mass=      159.071073567 

Mass moments of inertia:
Ixx=      10.9041074086 
Iyy=      59.5930697662 
Ixy=     -2.02576162944 

Area center:
AreaX=    -0.345181578461 
AreaY=    0.0178378238726 

Area per unit length:
Area=     0.190338803395 
Area moments:
Ixx=   0.00339523005109 
Iyy=   -0.0657014485983 
Ixy=  -0.00408242702866 

Stiffness matrix with respect to shear center:
      192532808.105	     -5323713.84037	                  0	                  0	                  0	 -7.65547156334e-07
     -5323713.84037	      53383534.8033	                  0	                  0	                  0	  -1.2656673789e-06
                  0	                  0	      2586915875.13	     -37103180.5539	      618225982.012	                  0
                  0	                  0	     -37103180.5539	      196402381.223	      12705307.2361	                  0
                  0	                  0	      618225982.012	      12705307.2361	      874468085.019	                  0
                  0	 -4.65661287308e-10	                  0	                  0	                  0	      36068534.7845

Stiffness matrix with respect to the elastic center:
      192532808.105	     -5323713.84037	                  0	                  0	                  0	     -4033698.14183
     -5323713.84037	      53383534.8033	                  0	                  0	                  0	      12834052.8047
                  0	                  0	      2586915875.13	 -1.32322311401e-05	 -1.85966491699e-05	                  0
                  0	                  0	 -7.45058059692e-09	      195870223.985	      21572294.5449	                  0
                  0	                  0	 -4.17232513428e-07	      21572294.5449	       726723286.47	                  0
     -4033698.14183	      12834052.8047	                  0	                  0	                  0	      39193494.5123

Stiffness matrix rotated along principle axis:
      192735413.732	      329323.953447	                  0	                  0	                  0	     -4609191.07106
      329323.953444	      53180929.1764	                  0	                  0	                  0	      3072319.04978
                  0	                  0	      2586915875.13	     -10343.6651709	      466380424.233	                  0
                  0	                  0	     -10343.6651584	      194995032.826	  5.30385019158e-06	                  0
                  0	                  0	      466380424.233	 -7.22253193399e-11	      811679565.191	                  0
     -4609191.07106	      3072319.04978	                  0	                  0	                  0	      36357165.9381

Stiffness matrix at the elastic center rotated along principle axis:
      192735411.424	      329812.574617	                  0	                  0	                  0	     -4550634.08921
      329812.574615	      53180931.4842	                  0	                  0	                  0	      12659990.5798
                  0	                  0	      2586915875.13	 -1.24675061638e-05	 -1.91177559183e-05	                  0
                  0	                  0	  9.46881535867e-09	      194995032.779	  3.05750518005e-06	                  0
                  0	                  0	 -4.17191590217e-07	  1.39632017535e-09	      727598477.676	                  0
     -4550634.08921	      12659990.5798	                  0	                  0	                  0	      39193494.5123

Mass matrix with respect to mass center
      159.071073567	                  0	                  0	                  0	                  0	                  0
                  0	      159.071073567	                  0	                  0	                  0	                  0
                  0	                  0	      159.071073567	                  0	                  0	                  0
                  0	                  0	                  0	      10.8883593018	      1.67389611904	                  0
                  0	                  0	                  0	      1.67389611904	      51.7312144035	                  0
                  0	                  0	                  0	                  0	                  0	      62.6195737053
