********************************
*                              *
*          BECAS 2.3           *
*              by              *
*     becas-dtuwind@dtu.dk     *
*                              *
*   A cross section analysis   *
*   program for anisotropic    *
*   beams with arbitrary       *
*   geometry.                  *
*                              *
*     (c)DTU Wind Energy       *
********************************


Output generated on the (yyyy.mm.dd) 2021. 5.19 at (hh.mm.ss) 20.33.37  
Element type is: Q4 
The input folder: is C:\Users\andre\Documents\GitHub\PGE\Preliminare\64.8_80\Cp-Lambda_v3_2021_CLEAN_March2021\3.Structure\CrossSectionAnalysis_v1.06\BECASFiles\BECAS_Section_24\BECAS_SECTION 

Stiffness matrix w.r.t. to the cross section reference point 
K=
      102641878.602	     -1276534.55836	                  0	                  0	                  0	     -4393524.86071
     -1276534.55836	      16781807.7593	                  0	                  0	                  0	      144504.099168
                  0	                  0	      1508660575.47	      47564106.3824	      182029069.215	                  0
                  0	                  0	      47564106.3824	      29662869.3617	      6122737.03435	                  0
                  0	                  0	      182029069.215	      6122737.03435	      151054146.287	                  0
     -4393524.86071	      144504.099168	                  0	                  0	                  0	      5384760.94402

Compliance matrix w.r.t. to the cross section reference point 
F=
  1.01033461207e-08	  6.97705279092e-10	                  0	                  0	                 -0	  8.22478129394e-09
  6.97705279093e-10	  5.96502899903e-08	                  0	                  0	                  0	 -1.03148978919e-09
                  0	                  0	  8.10107750134e-10	 -1.10675531692e-09	 -9.31366608677e-10	                 -0
                  0	                  0	 -1.10675531692e-09	  3.55086441433e-08	 -1.05581016745e-10	                 -0
                  0	                  0	 -9.31366608677e-10	 -1.05581016745e-10	  7.74677339509e-09	                 -0
  8.22478129394e-09	 -1.03148978919e-09	                  0	                  0	                  0	  1.92447695704e-07

Mass matrix w.r.t. to the cross section reference point 
M=
      83.4436721406	                  0	                  0	                  0	                  0	     -2.60222988455
                  0	      83.4436721406	                  0	                  0	                  0	     -11.5887248947
                  0	                  0	      83.4436721406	      2.60222988455	      11.5887248947	                  0
                 -0	                 -0	      2.60222988455	      1.55869295141	     0.389266541022	                  0
                 -0	                 -0	      11.5887248947	     0.389266541022	      10.2969306811	                  0
     -2.60222988455	     -11.5887248947	                 -0	                  0	                  0	      11.8556236325

Shear center;
ShearX=   0.00535984484209 
ShearY=    0.0427377488926 

Elastic center:
ElasticX=     -0.12065607876 
ElasticY=    0.0315273741197 

Orientation of principle axis w.r.t. reference center:
alpha_p=     -2.88014326788o or    -0.0502679829536rad 

Orientation of principle axis w.r.t. elastic center:
alpha_p=    -0.217897059432o or    -0.0038030211175rad 

Mass center:
MassX=     -0.13888081142 
MassY=    0.0311854670078 

Mass per unit length:
Mass=      83.4436721406 

Mass moments of inertia:
Ixx=      1.55869295141 
Iyy=      10.2969306811 
Ixy=    -0.389266541022 

Area center:
AreaX=    -0.180094982305 
AreaY=    0.0301066643177 

Area per unit length:
Area=    0.0569452625104 
Area moments:
Ixx=   0.00171443190288 
Iyy=   -0.0102555560442 
Ixy= -0.000351358740385 

Stiffness matrix with respect to shear center:
      102641878.602	     -1276534.55836	                  0	                  0	                  0	  1.04308128357e-07
     -1276534.55836	      16781807.7593	                  0	                  0	                  0	 -2.26573320106e-08
                  0	                  0	      1508660575.47	     -16912650.4561	      190115255.819	                  0
                  0	                  0	     -16912650.4561	      28352895.1351	     -1747424.79923	                  0
                  0	                  0	      190115255.819	     -1747424.79923	      153048782.128	                  0
                  0	                  0	                  0	                  0	                  0	      5196217.06222

Stiffness matrix with respect to the elastic center:
      102641878.602	     -1276534.55836	                  0	                  0	                  0	      -1311517.6079
     -1276534.55836	      16781807.7593	                  0	                  0	                  0	       2129085.4353
                  0	                  0	      1508660575.47	  2.01165676117e-06	  4.38094139099e-06	                  0
                  0	                  0	  1.49011611938e-08	      28163297.9851	      383838.468547	                  0
                  0	                  0	   3.8743019104e-07	      383838.468547	      129091232.575	                  0
      -1311517.6079	       2129085.4353	                  0	                  0	                  0	      5479218.33368

Stiffness matrix rotated along principle axis:
      102553225.583	      3038656.86591	                  0	                  0	                  0	     -4395235.96697
      3038656.86591	      16870460.7776	                  0	                  0	                  0	     -76439.0670836
                  0	                  0	      1508660575.47	      38357643.8164	       184189080.61	                  0
                  0	                  0	      38357643.8164	      29354832.2205	 -3.57068594473e-07	                  0
                  0	                  0	       184189080.61	  1.20340698427e-09	      151362183.428	                  0
     -4395235.96697	     -76439.0670837	                  0	                  0	                  0	      5384760.94402

Stiffness matrix at the elastic center rotated along principle axis:
      102650346.098	     -949973.119376	                  0	                  0	                  0	     -1319605.06105
     -949973.119379	      16773340.2628	                  0	                  0	                  0	      2124082.32174
                  0	                  0	      1508660575.47	  1.99498144146e-06	  4.38856006502e-06	                  0
                  0	                  0	    1.342765179e-08	      28161838.2323	 -2.43860957621e-07	                  0
                  0	                  0	  3.87484058642e-07	 -9.50556394557e-11	      129092692.328	                  0
     -1319605.06105	      2124082.32174	                  0	                  0	                  0	      5479218.33368

Mass matrix with respect to mass center
      83.4436721406	                  0	                  0	                  0	                  0	                  0
                  0	      83.4436721406	                  0	                  0	                  0	                  0
                  0	                  0	      83.4436721406	                  0	                  0	                  0
                  0	                  0	                  0	       1.4775411972	    0.0278667431554	                  0
                  0	                  0	                  0	    0.0278667431554	      8.68747916443	                  0
                  0	                  0	                  0	                  0	                  0	      10.1650203616
