********************************
*                              *
*          BECAS 2.3           *
*              by              *
*     becas-dtuwind@dtu.dk     *
*                              *
*   A cross section analysis   *
*   program for anisotropic    *
*   beams with arbitrary       *
*   geometry.                  *
*                              *
*     (c)DTU Wind Energy       *
********************************


Output generated on the (yyyy.mm.dd) 2021. 5.21 at (hh.mm.ss) 11.37.20  
Element type is: Q4 
The input folder: is C:\69.6_80\3.Structure\CrossSectionAnalysis_v1.06\BECASFiles\BECAS_Section_22\BECAS_SECTION 

Stiffness matrix w.r.t. to the cross section reference point 
K=
      125433660.455	     -1316803.69379	                  0	                  0	                  0	     -6051513.24044
     -1316803.69379	      21650878.1425	                  0	                  0	                  0	     -640850.454563
                  0	                  0	      1744647158.05	      55733527.7957	       211677724.13	                  0
                  0	                  0	      55733527.7957	      37733829.5831	      8395466.20938	                  0
                  0	                  0	       211677724.13	      8395466.20938	      193571470.369	                  0
     -6051513.24044	     -640850.454563	                  0	                  0	                  0	      7384310.07111

Compliance matrix w.r.t. to the cross section reference point 
F=
   8.3113585741e-09	  7.08924630994e-10	                  0	                  0	                 -0	  6.87276274162e-09
  7.08924630994e-10	  4.63669227673e-08	                  0	                  0	                 -0	  4.60494345383e-09
                  0	                  0	  6.87201565483e-10	  -8.5607134953e-10	 -7.14351887954e-10	                 -0
                  0	                  0	  -8.5607134953e-10	  2.78260813383e-08	 -2.70709782563e-10	                 -0
                  0	                  0	 -7.14351887954e-10	 -2.70709782563e-10	   5.9589624158e-09	                 -0
  6.87276274162e-09	  4.60494345383e-09	                  0	                  0	                  0	  1.41454202867e-07

Mass matrix w.r.t. to the cross section reference point 
M=
      97.4799289367	                  0	                  0	                  0	                  0	     -3.10788060133
                  0	      97.4799289367	                  0	                  0	                  0	        -13.7185559
                  0	                  0	      97.4799289367	      3.10788060133	         13.7185559	                  0
                 -0	                 -0	      3.10788060133	      1.99453061673	     0.555791900816	                  0
                 -0	                 -0	         13.7185559	     0.555791900816	      13.1937019481	                  0
     -3.10788060133	        -13.7185559	                 -0	                  0	                  0	      15.1882325648

Shear center;
ShearX=   -0.0325543063443 
ShearY=     0.048586486667 

Elastic center:
ElasticX=    -0.121329819129 
ElasticY=    0.0319454438329 

Orientation of principle axis w.r.t. reference center:
alpha_p=      -3.0748424393o or    -0.0536661245459rad 

Orientation of principle axis w.r.t. elastic center:
alpha_p=    -0.709163367103o or    -0.0123772356905rad 

Mass center:
MassX=    -0.140732108134 
MassY=    0.0318822616638 

Mass per unit length:
Mass=      97.4799289367 

Mass moments of inertia:
Ixx=      1.99453061673 
Iyy=      13.1937019481 
Ixy=    -0.555791900816 

Area center:
AreaX=    -0.193730500737 
AreaY=    0.0319566757797 

Area per unit length:
Area=    0.0725858523203 
Area moments:
Ixx=   0.00231960254879 
Iyy=   -0.0140620935164 
Ixy= -0.000604053233974 

Stiffness matrix with respect to shear center:
      125433660.455	     -1316803.69379	                  0	                  0	                  0	 -3.28756868839e-07
     -1316803.69379	      21650878.1425	                  0	                  0	                  0	  1.83470547199e-07
                  0	                  0	      1744647158.05	     -29032748.0874	      154881946.084	                  0
                  0	                  0	     -29032748.0874	      36436532.5058	     -944069.736523	                  0
                  0	                  0	      154881946.084	     -944069.736521	      181638374.572	                  0
 -9.31322574615e-10	                  0	                  0	                  0	                  0	      7069425.86172

Stiffness matrix with respect to the elastic center:
      125433660.455	     -1316803.69379	                  0	                  0	                  0	     -2204246.83962
     -1316803.69379	      21650878.1425	                  0	                  0	                  0	      1943980.79602
                  0	                  0	      1744647158.05	  5.22285699844e-06	  3.66568565369e-06	                  0
                  0	                  0	  2.98023223877e-08	      35953397.3013	       1633327.3625	                  0
                  0	                  0	  2.83122062683e-06	       1633327.3625	      167888650.387	                  0
     -2204246.83962	      1943980.79602	                  0	                  0	                  0	       7278684.7198

Stiffness matrix rotated along principle axis:
      125276111.677	        4249705.969	                  0	                  0	                  0	     -6008425.53828
        4249705.969	        21808426.92	                  0	                  0	                  0	     -964533.231843
                  0	                  0	      1744647158.05	      44298818.2726	      214362542.701	                  0
                  0	                  0	      44298818.2725	       37282844.411	 -2.43927020209e-06	                  0
                  0	                  0	      214362542.701	 -4.62617469056e-10	      194022455.541	                  0
     -6008425.53828	     -964533.231843	                  0	                  0	                  0	      7384310.07111

Stiffness matrix at the elastic center rotated along principle axis:
      125450355.614	     -31987.4863622	                  0	                  0	                  0	     -2228138.49507
      -31987.486363	      21634182.9836	                  0	                  0	                  0	      1916550.10685
                  0	                  0	      1744647158.05	  5.17708704638e-06	  3.73004775466e-06	                  0
                  0	                  0	  -5.2417506448e-09	      35933180.1911	 -1.83447599532e-06	                  0
                  0	                  0	  2.83137262476e-06	   6.3909241099e-11	      167908867.497	                  0
     -2228138.49507	      1916550.10685	                  0	                  0	                  0	       7278684.7198

Mass matrix with respect to mass center
      97.4799289367	                  0	                  0	                  0	                  0	                  0
                  0	      97.4799289367	                  0	                  0	                  0	                  0
                  0	                  0	      97.4799289367	                  0	                  0	                  0
                  0	                  0	                  0	      1.89544435418	     0.118413311963	                  0
                  0	                  0	                  0	     0.118413311963	      11.2630606557	                  0
                  0	                  0	                  0	                  0	                  0	      13.1585050099
