********************************
*                              *
*          BECAS 2.3           *
*              by              *
*     becas-dtuwind@dtu.dk     *
*                              *
*   A cross section analysis   *
*   program for anisotropic    *
*   beams with arbitrary       *
*   geometry.                  *
*                              *
*     (c)DTU Wind Energy       *
********************************


Output generated on the (yyyy.mm.dd) 2021. 5.21 at (hh.mm.ss) 11.37.27  
Element type is: Q4 
The input folder: is C:\69.6_80\3.Structure\CrossSectionAnalysis_v1.06\BECASFiles\BECAS_Section_24\BECAS_SECTION 

Stiffness matrix w.r.t. to the cross section reference point 
K=
      102799135.747	     -1297853.39501	                  0	                  0	                  0	     -4391559.82446
     -1297853.39501	      16800261.9776	                  0	                  0	                  0	      157037.153586
                  0	                  0	      1509505556.88	      47490948.1366	      181642751.711	                  0
                  0	                  0	      47490948.1366	      29669474.1674	      6150973.16887	                  0
                  0	                  0	      181642751.711	      6150973.16887	      151152413.592	                  0
     -4391559.82446	      157037.153586	                  0	                  0	                  0	      5392000.88886

Compliance matrix w.r.t. to the cross section reference point 
F=
  1.00866547634e-08	  7.02615669013e-10	                  0	                  0	                 -0	  8.19469654554e-09
  7.02615669013e-10	  5.95880325275e-08	                  0	                  0	                  0	  -1.1631964462e-09
                  0	                  0	  8.08691450998e-10	 -1.10227065531e-09	 -9.26964379125e-10	                 -0
                  0	                  0	 -1.10227065531e-09	  3.54938725293e-08	 -1.19762445041e-10	                 -0
                  0	                  0	 -9.26964379125e-10	 -1.19762445041e-10	  7.73466323404e-09	                 -0
  8.19469654554e-09	  -1.1631964462e-09	                  0	                  0	                  0	  1.92168025662e-07

Mass matrix w.r.t. to the cross section reference point 
M=
      83.4716752188	                  0	                  0	                  0	                  0	      -2.5997419666
                  0	      83.4716752188	                  0	                  0	                  0	     -11.5744382896
                  0	                  0	      83.4716752188	       2.5997419666	      11.5744382896	                  0
                 -0	                 -0	       2.5997419666	       1.5589282922	     0.390209621189	                  0
                 -0	                 -0	      11.5744382896	     0.390209621189	      10.2994885593	                  0
      -2.5997419666	     -11.5744382896	                 -0	                  0	                  0	      11.8584168515

Shear center;
ShearX=   0.00605301762451 
ShearY=    0.0426433925066 

Elastic center:
ElasticX=     -0.12033261546 
ElasticY=    0.0314612608877 

Orientation of principle axis w.r.t. reference center:
alpha_p=     -2.89116733852o or    -0.0504603892833rad 

Orientation of principle axis w.r.t. elastic center:
alpha_p=    -0.247186880641o or   -0.00431422493493rad 

Mass center:
MassX=    -0.138663064557 
MassY=    0.0311451993719 

Mass per unit length:
Mass=      83.4716752188 

Mass moments of inertia:
Ixx=       1.5589282922 
Iyy=      10.2994885593 
Ixy=    -0.390209621189 

Area center:
AreaX=    -0.180861276239 
AreaY=    0.0302652958047 

Area per unit length:
Area=    0.0568669795214 
Area moments:
Ixx=   0.00172109595674 
Iyy=   -0.0102850344921 
Ixy= -0.000348806666821 

Stiffness matrix with respect to shear center:
      102799135.747	     -1297853.39501	                  0	                  0	                  0	  1.13621354103e-07
     -1297853.39501	      16800261.9776	                  0	                  0	                  0	  4.14729584008e-08
                  0	                  0	      1509505556.88	     -16879489.8165	      190779815.451	                  0
                  0	                  0	     -16879489.8165	      28364097.7351	     -1697061.83767	                  0
                  0	                  0	      190779815.451	     -1697061.83767	      153406693.955	                  0
 -9.31322574615e-10	  2.91038304567e-11	                  0	                  0	                  0	      5203779.33089

Stiffness matrix with respect to the elastic center:
      102799135.747	     -1297853.39501	                  0	                  0	                  0	     -1313543.48921
     -1297853.39501	      16800261.9776	                  0	                  0	                  0	      2137824.51351
                  0	                  0	      1509505556.88	  4.79817390442e-06	  1.34110450745e-06	                  0
                  0	                  0	 -2.23517417908e-08	      28175349.0583	      436263.168932	                  0
                  0	                  0	 -1.40070915222e-06	      436263.168931	        129294866.2	                  0
     -1313543.48921	      2137824.51351	                  0	                  0	                  0	      5488657.85163

Stiffness matrix rotated along principle axis:
      102711104.979	      3040924.35065	                  0	                  0	                  0	     -4393890.79767
      3040924.35065	      16888292.7454	                  0	                  0	                  0	     -64668.5208104
                  0	                  0	      1509505556.88	      38268624.2958	       183806941.65	                  0
                  0	                  0	      38268624.2958	      29358829.9627	    3.452899434e-07	                  0
                  0	                  0	       183806941.65	 -3.78571121558e-10	      151463057.797	                  0
     -4393890.79767	     -64668.5208105	                  0	                  0	                  0	      5392000.88886

Stiffness matrix at the elastic center rotated along principle axis:
      102808733.423	     -926791.200744	                  0	                  0	                  0	     -1322754.29225
     -926791.200744	      16790664.3009	                  0	                  0	                  0	      2132137.71387
                  0	                  0	      1509505556.88	  4.79234344284e-06	  1.36179236407e-06	                  0
                  0	                  0	 -1.63085781745e-08	      28173466.9092	  8.38797810899e-07	                  0
                  0	                  0	 -1.40079254701e-06	  1.16997525313e-10	      129296748.349	                  0
     -1322754.29225	      2132137.71387	                  0	                  0	                  0	      5488657.85163

Mass matrix with respect to mass center
      83.4716752188	                  0	                  0	                  0	                  0	                  0
                  0	      83.4716752188	                  0	                  0	                  0	                  0
                  0	                  0	      83.4716752188	                  0	                  0	                  0
                  0	                  0	                  0	      1.47795881034	    0.0297214330425	                  0
                  0	                  0	                  0	    0.0297214330425	       8.6945414755	                  0
                  0	                  0	                  0	                  0	                  0	      10.1725002858
