********************************
*                              *
*          BECAS 2.3           *
*              by              *
*     becas-dtuwind@dtu.dk     *
*                              *
*   A cross section analysis   *
*   program for anisotropic    *
*   beams with arbitrary       *
*   geometry.                  *
*                              *
*     (c)DTU Wind Energy       *
********************************


Output generated on the (yyyy.mm.dd) 2021. 5.18 at (hh.mm.ss) 20.52.17  
Element type is: Q4 
The input folder: is C:\Users\andre\Documents\GitHub\PGE\Preliminare\64.8_80\Cp-Lambda_v3_2021_CLEAN_March2021\3.Structure\CrossSectionAnalysis_v1.06\BECASFiles\BECAS_Section_24\BECAS_SECTION 

Stiffness matrix w.r.t. to the cross section reference point 
K=
      102658933.796	     -1278502.85507	                  0	                  0	                  0	     -4393929.74379
     -1278502.85507	      16784120.8624	                  0	                  0	                  0	      147430.015696
                  0	                  0	      1508654802.07	      47566321.5982	      181976686.185	                  0
                  0	                  0	      47566321.5982	        29662812.31	      6121431.38767	                  0
                  0	                  0	      181976686.185	      6121431.38767	      151021331.666	                  0
     -4393929.74379	      147430.015696	                  0	                  0	                  0	      5384794.14001

Compliance matrix w.r.t. to the cross section reference point 
F=
  1.01016635375e-08	  6.97241043853e-10	                  0	                  0	                 -0	  8.22375089368e-09
  6.97241043853e-10	   5.9642581222e-08	                  0	                  0	                  0	 -1.06401068928e-09
                  0	                  0	  8.10067694139e-10	 -1.10681945446e-09	 -9.31246689885e-10	                 -0
                  0	                  0	 -1.10681945446e-09	  3.55089000884e-08	 -1.05613947642e-10	                 -0
                  0	                  0	 -9.31246689885e-10	 -1.05613947642e-10	   7.7479895209e-09	                 -0
  8.22375089368e-09	 -1.06401068928e-09	                  0	                  0	                  0	  1.92447737801e-07

Mass matrix w.r.t. to the cross section reference point 
M=
      83.4435498586	                  0	                  0	                  0	                  0	     -2.60234356346
                  0	      83.4435498586	                  0	                  0	                  0	     -11.5855870891
                  0	                  0	      83.4435498586	      2.60234356346	      11.5855870891	                  0
                 -0	                 -0	      2.60234356346	      1.55868967731	     0.389181851161	                  0
                 -0	                 -0	      11.5855870891	     0.389181851161	      10.2950711553	                  0
     -2.60234356346	     -11.5855870891	                 -0	                  0	                  0	      11.8537608326

Shear center;
ShearX=   0.00552882928861 
ShearY=    0.0427323853615 

Elastic center:
ElasticX=    -0.120621818812 
ElasticY=    0.0315289631086 

Orientation of principle axis w.r.t. reference center:
alpha_p=     -2.88030524713o or    -0.0502708100249rad 

Orientation of principle axis w.r.t. elastic center:
alpha_p=    -0.217972557846o or   -0.00380433881341rad 

Mass center:
MassX=    -0.138843411009 
MassY=    0.0311868750535 

Mass per unit length:
Mass=      83.4435498586 

Mass moments of inertia:
Ixx=      1.55868967731 
Iyy=      10.2950711553 
Ixy=    -0.389181851161 

Area center:
AreaX=    -0.180078724405 
AreaY=    0.0301076473223 

Area per unit length:
Area=    0.0569462000685 
Area moments:
Ixx=   0.00171451610801 
Iyy=    -0.010254799068 
Ixy=  -0.00035131728801 

Stiffness matrix with respect to shear center:
      102658933.796	     -1278502.85507	                  0	                  0	                  0	 -6.52857124805e-07
     -1278502.85507	      16784120.8624	                  0	                  0	                  0	  5.21686160937e-08
                  0	                  0	      1508654802.07	     -16902096.7816	      190317781.041	                  0
                  0	                  0	     -16902096.7816	      28352456.8383	     -1748315.30093	                  0
                  0	                  0	      190317781.041	     -1748315.30093	       153079684.22	                  0
  9.31322574615e-10	 -2.91038304567e-11	                  0	                  0	                  0	      5196215.92556

Stiffness matrix with respect to the elastic center:
      102658933.796	     -1278502.85507	                  0	                  0	                  0	     -1311415.34711
     -1278502.85507	      16784120.8624	                  0	                  0	                  0	      2131651.33193
                  0	                  0	      1508654802.07	 -5.07384538651e-06	 -1.54972076416e-06	                  0
                  0	                  0	 -7.45058059692e-09	      28163095.5111	      383895.162315	                  0
                  0	                  0	  9.83476638794e-07	      383895.162316	      129070972.797	                  0
     -1311415.34711	      2131651.33193	                  0	                  0	                  0	      5479817.46249

Stiffness matrix rotated along principle axis:
      102570423.934	      3037680.58933	                  0	                  0	                  0	     -4395787.14869
      3037680.58933	       16872630.724	                  0	                  0	                  0	     -73549.6177709
                  0	                  0	      1508654802.07	      38361967.7463	      184136983.509	                  0
                  0	                  0	      38361967.7463	      29354823.5068	 -2.92326985132e-08	                  0
                  0	                  0	      184136983.509	 -4.73055751531e-09	      151329320.469	                  0
     -4395787.14869	     -73549.6177709	                  0	                  0	                  0	      5384794.14001

Stiffness matrix at the elastic center rotated along principle axis:
      102667418.558	     -951772.115959	                  0	                  0	                  0	     -1319515.36141
     -951772.115959	      16775636.0999	                  0	                  0	                  0	      2126646.84998
                  0	                  0	      1508654802.07	 -5.06791302105e-06	    -1.56901213e-06	                  0
                  0	                  0	 -1.11919960049e-08	      28161635.0368	 -5.56789951307e-07	                  0
                  0	                  0	  9.83441177412e-07	 -5.42206968464e-11	      129072433.271	                  0
     -1319515.36141	      2126646.84998	                  0	                  0	                  0	      5479817.46249

Mass matrix with respect to mass center
      83.4435498586	                  0	                  0	                  0	                  0	                  0
                  0	      83.4435498586	                  0	                  0	                  0	                  0
                  0	                  0	      83.4435498586	                  0	                  0	                  0
                  0	                  0	                  0	      1.47753071375	    0.0278635941934	                  0
                  0	                  0	                  0	    0.0278635941934	      8.68648872527	                  0
                  0	                  0	                  0	                  0	                  0	       10.164019439
