********************************
*                              *
*          BECAS 2.3           *
*              by              *
*     becas-dtuwind@dtu.dk     *
*                              *
*   A cross section analysis   *
*   program for anisotropic    *
*   beams with arbitrary       *
*   geometry.                  *
*                              *
*     (c)DTU Wind Energy       *
********************************


Output generated on the (yyyy.mm.dd) 2021. 5.21 at (hh.mm.ss) 12.54.34  
Element type is: Q4 
The input folder: is C:\CPL\3.Structure\CrossSectionAnalysis_v1.06\BECASFiles\BECAS_Section_21\BECAS_SECTION 

Stiffness matrix w.r.t. to the cross section reference point 
K=
      136303996.887	     -1924074.40501	                  0	                  0	                  0	     -6728027.12089
     -1924074.40501	      24215043.0009	                  0	                  0	                  0	     -508597.842558
                  0	                  0	      1869964698.76	      59928195.8426	      230114510.559	                  0
                  0	                  0	      59928195.8426	      43326630.4992	       9854184.7941	                  0
                  0	                  0	      230114510.559	       9854184.7941	      222225488.844	                  0
     -6728027.12089	     -508597.842558	                  0	                  0	                  0	      8567342.02685

Compliance matrix w.r.t. to the cross section reference point 
F=
  7.64542460996e-09	  7.34509622607e-10	                  0	                  0	                 -0	   6.0476392764e-09
  7.34509622607e-10	   4.1418764644e-08	                  0	                  0	                 -0	  3.03563169525e-09
                  0	                  0	  6.35310571597e-10	 -7.36548112147e-10	 -6.25203259769e-10	                 -0
                  0	                  0	 -7.36548112147e-10	  2.41695584532e-08	 -3.09059448658e-10	                 -0
                  0	                  0	 -6.25203259769e-10	 -3.09059448658e-10	  5.16103655349e-09	                 -0
   6.0476392764e-09	  3.03563169525e-09	                  0	                  0	                  0	  1.21651802103e-07

Mass matrix w.r.t. to the cross section reference point 
M=
      105.012626922	                  0	                  0	                  0	                  0	     -3.37107211233
                  0	      105.012626922	                  0	                  0	                  0	     -15.0948017741
                  0	                  0	      105.012626922	      3.37107211233	      15.0948017741	                  0
                 -0	                 -0	      3.37107211233	      2.29679530474	     0.667109150655	                  0
                 -0	                 -0	      15.0948017741	     0.667109150655	      15.1685541581	                  0
     -3.37107211233	     -15.0948017741	                 -0	                  0	                  0	      17.4653494629

Shear center;
ShearX=   -0.0249534461699 
ShearY=    0.0497126978133 

Elastic center:
ElasticX=    -0.123058211052 
ElasticY=    0.0320477685394 

Orientation of principle axis w.r.t. reference center:
alpha_p=      -3.1433158898o or    -0.0548612117073rad 

Orientation of principle axis w.r.t. elastic center:
alpha_p=    -0.931243604926o or    -0.0162532670441rad 

Mass center:
MassX=    -0.143742730913 
MassY=    0.0321015882675 

Mass per unit length:
Mass=      105.012626922 

Mass moments of inertia:
Ixx=      2.29679530474 
Iyy=      15.1685541581 
Ixy=    -0.667109150655 

Area center:
AreaX=    -0.202330405403 
AreaY=    0.0328548482683 

Area per unit length:
Area=    0.0812098629591 
Area moments:
Ixx=   0.00266813772541 
Iyy=   -0.0164312244952 
Ixy= -0.000780180968536 

Stiffness matrix with respect to shear center:
      136303996.887	     -1924074.40501	                  0	                  0	                  0	  9.34116542339e-07
     -1924074.40501	      24215043.0009	                  0	                  0	                  0	 -2.59606167674e-08
                  0	                  0	      1869964698.76	     -33032794.1483	      183452447.109	                  0
                  0	                  0	     -33032794.1483	      41989587.5222	     -761146.281146	                  0
                  0	                  0	      183452447.109	     -761146.281145	      211905568.028	                  0
                  0	 -5.82076609135e-11	                  0	                  0	                  0	      8220182.37882

Stiffness matrix with respect to the elastic center:
      136303996.887	     -1924074.40501	                  0	                  0	                  0	     -2596561.33188
     -1924074.40501	      24215043.0009	                  0	                  0	                  0	      2409599.73848
                  0	                  0	      1869964698.76	  8.76933336258e-06	  5.96046447754e-08	                  0
                  0	                  0	  7.45058059692e-09	      41406065.5499	      2479528.22216	                  0
                  0	                  0	  2.38418579102e-07	      2479528.22216	      193908008.838	                  0
     -2596561.33188	      2409599.73848	                  0	                  0	                  0	      8502443.66691

Stiffness matrix rotated along principle axis:
      136177665.954	      4224500.55724	                  0	                  0	                  0	     -6690016.51216
      4224500.55724	      24341373.9341	                  0	                  0	                  0	     -876755.251974
                  0	                  0	      1869964698.76	      47220004.8064	      233054388.014	                  0
                  0	                  0	      47220004.8064	      42785474.9573	 -1.27179400877e-06	                  0
                  0	                  0	      233054388.014	 -5.35668861969e-10	      222766644.386	                  0
     -6690016.51216	     -876755.251973	                  0	                  0	                  0	      8567342.02685

Stiffness matrix at the elastic center rotated along principle axis:
      136336923.078	     -101567.060677	                  0	                  0	                  0	     -2635380.51805
     -101567.060675	      24182116.8098	                  0	                  0	                  0	      2367080.72844
                  0	                  0	      1869964698.76	  8.76720636887e-06	  2.02120813791e-07	                  0
                  0	                  0	  3.57468628937e-09	      41365761.5665	 -1.88814657172e-07	                  0
                  0	                  0	  2.38508179378e-07	     2.47733433e-10	      193948312.821	                  0
     -2635380.51805	      2367080.72844	                  0	                  0	                  0	      8502443.66691

Mass matrix with respect to mass center
      105.012626922	                  0	                  0	                  0	                  0	                  0
                  0	      105.012626922	                  0	                  0	                  0	                  0
                  0	                  0	      105.012626922	                  0	                  0	                  0
                  0	                  0	                  0	      2.18857853577	     0.182542039123	                  0
                  0	                  0	                  0	     0.182542039123	      12.9987861285	                  0
                  0	                  0	                  0	                  0	                  0	      15.1873646643
