********************************
*                              *
*          BECAS 2.3           *
*              by              *
*     becas-dtuwind@dtu.dk     *
*                              *
*   A cross section analysis   *
*   program for anisotropic    *
*   beams with arbitrary       *
*   geometry.                  *
*                              *
*     (c)DTU Wind Energy       *
********************************


Output generated on the (yyyy.mm.dd) 2021. 5.21 at (hh.mm.ss) 12.55.57  
Element type is: Q4 
The input folder: is C:\CPL\3.Structure\CrossSectionAnalysis_v1.06\BECASFiles\BECAS_Section_24\BECAS_SECTION 

Stiffness matrix w.r.t. to the cross section reference point 
K=
      102799135.747	       -1297853.395	                  0	                  0	                  0	     -4391559.82446
       -1297853.395	      16800261.9776	                  0	                  0	                  0	      157037.153586
                  0	                  0	      1509505556.88	      47490948.1366	      181642751.711	                  0
                  0	                  0	      47490948.1366	      29669474.1674	      6150973.16888	                  0
                  0	                  0	      181642751.711	      6150973.16888	      151152413.592	                  0
     -4391559.82446	      157037.153585	                  0	                  0	                  0	      5392000.88886

Compliance matrix w.r.t. to the cross section reference point 
F=
  1.00866547634e-08	  7.02615669007e-10	                  0	                  0	                 -0	  8.19469654554e-09
  7.02615669008e-10	  5.95880325274e-08	                  0	                  0	                  0	  -1.1631964462e-09
                  0	                  0	  8.08691450998e-10	 -1.10227065531e-09	 -9.26964379125e-10	                 -0
                  0	                  0	 -1.10227065531e-09	  3.54938725293e-08	 -1.19762445041e-10	                 -0
                  0	                  0	 -9.26964379125e-10	 -1.19762445041e-10	  7.73466323404e-09	                 -0
  8.19469654554e-09	  -1.1631964462e-09	                  0	                  0	                  0	  1.92168025662e-07

Mass matrix w.r.t. to the cross section reference point 
M=
      83.4716752188	                  0	                  0	                  0	                  0	      -2.5997419666
                  0	      83.4716752188	                  0	                  0	                  0	     -11.5744382896
                  0	                  0	      83.4716752188	       2.5997419666	      11.5744382896	                  0
                 -0	                 -0	       2.5997419666	       1.5589282922	     0.390209621189	                  0
                 -0	                 -0	      11.5744382896	     0.390209621189	      10.2994885593	                  0
      -2.5997419666	     -11.5744382896	                 -0	                  0	                  0	      11.8584168515

Shear center;
ShearX=   0.00605301762449 
ShearY=    0.0426433925066 

Elastic center:
ElasticX=     -0.12033261546 
ElasticY=    0.0314612608877 

Orientation of principle axis w.r.t. reference center:
alpha_p=     -2.89116733852o or    -0.0504603892833rad 

Orientation of principle axis w.r.t. elastic center:
alpha_p=    -0.247186880642o or   -0.00431422493494rad 

Mass center:
MassX=    -0.138663064557 
MassY=    0.0311451993719 

Mass per unit length:
Mass=      83.4716752188 

Mass moments of inertia:
Ixx=       1.5589282922 
Iyy=      10.2994885593 
Ixy=    -0.390209621189 

Area center:
AreaX=    -0.180861276239 
AreaY=    0.0302652958047 

Area per unit length:
Area=    0.0568669795214 
Area moments:
Ixx=   0.00172109595674 
Iyy=   -0.0102850344921 
Ixy= -0.000348806666821 

Stiffness matrix with respect to shear center:
      102799135.747	       -1297853.395	                  0	                  0	                  0	  1.06170773506e-07
       -1297853.395	      16800261.9776	                  0	                  0	                  0	  5.95391611569e-08
                  0	                  0	      1509505556.88	     -16879489.8165	      190779815.451	                  0
                  0	                  0	     -16879489.8165	      28364097.7351	     -1697061.83767	                  0
                  0	                  0	      190779815.451	     -1697061.83767	      153406693.955	                  0
                  0	                  0	                  0	                  0	                  0	      5203779.33089

Stiffness matrix with respect to the elastic center:
      102799135.747	       -1297853.395	                  0	                  0	                  0	      -1313543.4892
       -1297853.395	      16800261.9776	                  0	                  0	                  0	      2137824.51351
                  0	                  0	      1509505556.88	 -2.15321779251e-06	  6.25848770142e-07	                  0
                  0	                  0	 -7.45058059692e-09	      28175349.0583	      436263.168933	                  0
                  0	                  0	 -1.01327896118e-06	      436263.168933	        129294866.2	                  0
      -1313543.4892	      2137824.51351	                  0	                  0	                  0	      5488657.85163

Stiffness matrix rotated along principle axis:
      102711104.979	      3040924.35066	                  0	                  0	                  0	     -4393890.79766
      3040924.35066	      16888292.7454	                  0	                  0	                  0	     -64668.5208111
                  0	                  0	      1509505556.88	      38268624.2958	       183806941.65	                  0
                  0	                  0	      38268624.2958	      29358829.9627	  9.07281021395e-07	                  0
                  0	                  0	       183806941.65	  2.40601666797e-10	      151463057.797	                  0
     -4393890.79767	     -64668.5208112	                  0	                  0	                  0	      5392000.88886

Stiffness matrix at the elastic center rotated along principle axis:
      102808733.423	     -926791.200733	                  0	                  0	                  0	     -1322754.29225
     -926791.200734	      16790664.3009	                  0	                  0	                  0	      2132137.71387
                  0	                  0	      1509505556.88	 -2.15589779811e-06	   6.1655350876e-07	                  0
                  0	                  0	 -3.07901146036e-09	      28173466.9092	  5.96614928041e-07	                  0
                  0	                  0	 -1.01330167473e-06	 -1.33527197152e-10	      129296748.349	                  0
     -1322754.29225	      2132137.71387	                  0	                  0	                  0	      5488657.85163

Mass matrix with respect to mass center
      83.4716752188	                  0	                  0	                  0	                  0	                  0
                  0	      83.4716752188	                  0	                  0	                  0	                  0
                  0	                  0	      83.4716752188	                  0	                  0	                  0
                  0	                  0	                  0	      1.47795881034	    0.0297214330425	                  0
                  0	                  0	                  0	    0.0297214330425	       8.6945414755	                  0
                  0	                  0	                  0	                  0	                  0	      10.1725002858
