********************************
*                              *
*          BECAS 2.3           *
*              by              *
*     becas-dtuwind@dtu.dk     *
*                              *
*   A cross section analysis   *
*   program for anisotropic    *
*   beams with arbitrary       *
*   geometry.                  *
*                              *
*     (c)DTU Wind Energy       *
********************************


Output generated on the (yyyy.mm.dd) 2021. 5.21 at (hh.mm.ss) 11.36.60  
Element type is: Q4 
The input folder: is C:\69.6_80\3.Structure\CrossSectionAnalysis_v1.06\BECASFiles\BECAS_Section_17\BECAS_SECTION 

Stiffness matrix w.r.t. to the cross section reference point 
K=
      171528193.261	     -7479662.89785	                  0	                  0	                  0	     -5208629.83288
     -7479662.89785	      31318777.7692	                  0	                  0	                  0	       3938032.0649
                  0	                  0	      2329612365.46	      52353486.2779	      338654280.041	                  0
                  0	                  0	      52353486.2779	        92352858.75	      15760479.0669	                  0
                  0	                  0	      338654280.041	      15760479.0669	      439072171.707	                  0
     -5208629.83288	       3938032.0649	                  0	                  0	                  0	      16642779.7839

Compliance matrix w.r.t. to the cross section reference point 
F=
  5.93071547273e-09	  1.21928350665e-09	                  0	                  0	                 -0	  1.56760615323e-09
  1.21928350665e-09	  3.31595267921e-08	                  0	                  0	                  0	 -7.46464742849e-09
                  0	                  0	  4.87613227929e-10	 -2.13546638031e-10	 -3.68428517561e-10	                 -0
                  0	                  0	 -2.13546638031e-10	  1.09882939517e-08	 -2.29716890179e-10	                 -0
                  0	                  0	 -3.68428517561e-10	 -2.29716890179e-10	  2.56994274589e-09	                 -0
  1.56760615323e-09	 -7.46464742849e-09	                  0	                  0	                  0	  6.23430168863e-08

Mass matrix w.r.t. to the cross section reference point 
M=
      136.076568498	                  0	                  0	                  0	                  0	     -3.20518643353
                  0	      136.076568498	                  0	                  0	                  0	     -23.7340972669
                  0	                  0	      136.076568498	      3.20518643353	      23.7340972669	                  0
                 -0	                 -0	      3.20518643353	      4.99633032819	      1.16959518713	                  0
                 -0	                 -0	      23.7340972669	      1.16959518713	      30.8913058412	                  0
     -3.20518643353	     -23.7340972669	                 -0	                  0	                  0	      35.8876361694

Shear center;
ShearX=      0.11973510108 
ShearY=    0.0251448555352 

Elastic center:
ElasticX=    -0.145369369197 
ElasticY=    0.0224730461832 

Orientation of principle axis w.r.t. reference center:
alpha_p=     -2.59729808968o or    -0.0453314033207rad 

Orientation of principle axis w.r.t. elastic center:
alpha_p=     -1.56191681304o or    -0.0272605910299rad 

Mass center:
MassX=    -0.174417223545 
MassY=    0.0235542861561 

Mass per unit length:
Mass=      136.076568498 

Mass moments of inertia:
Ixx=      4.99633032819 
Iyy=      30.8913058412 
Ixy=     -1.16959518713 

Area center:
AreaX=    -0.264148946627 
AreaY=    0.0272586403192 

Area per unit length:
Area=     0.129004293366 
Area moments:
Ixx=    0.0035164816325 
Iyy=   -0.0340763482029 
Ixy=  -0.00185050309677 

Stiffness matrix with respect to shear center:
      171528193.261	     -7479662.89785	                  0	                  0	                  0	 -1.97812914848e-06
     -7479662.89785	      31318777.7692	                  0	                  0	                  0	  1.75647437572e-06
                  0	                  0	      2329612365.46	     -6224280.10459	      617590652.096	                  0
                  0	                  0	     -6224280.10459	      91192946.5248	      6499801.31139	                  0
                  0	                  0	      617590652.095	      6499801.31139	      553568255.313	                  0
  9.31322574615e-10	                  0	                  0	                  0	                  0	      16040288.8719

Stiffness matrix with respect to the elastic center:
      171528193.261	     -7479662.89785	                  0	                  0	                  0	     -2441182.70127
     -7479662.89785	      31318777.7692	                  0	                  0	                  0	       8322732.2235
                  0	                  0	      2329612365.46	 -2.45869159698e-06	  5.18560409546e-06	                  0
                  0	                  0	  7.45058059692e-09	       91176316.435	      8149885.79138	                  0
                  0	                  0	  2.38418579102e-07	      8149885.79138	      389842212.641	                  0
     -2441182.70127	      8322732.22349	                  0	                  0	                  0	       18253204.764

Stiffness matrix rotated along principle axis:
      171917467.778	     -1101757.64677	                  0	                  0	                  0	     -5381734.43455
     -1101757.64677	      30929503.2521	                  0	                  0	                  0	      3697952.91426
                  0	                  0	      2329612365.46	      36953287.4434	      340678827.435	                  0
                  0	                  0	      36953287.4434	      91637924.3349	  1.96516637629e-08	                  0
                  0	                  0	      340678827.435	 -3.58640068999e-09	      439787106.122	                  0
     -5381734.43455	      3697952.91425	                  0	                  0	                  0	      16642779.7839

Stiffness matrix at the elastic center rotated along principle axis:
      171831621.926	     -3648250.58011	                  0	                  0	                  0	     -2667130.18693
     -3648250.58012	      31015349.1038	                  0	                  0	                  0	      8253100.09699
                  0	                  0	      2329612365.46	 -2.59912320218e-06	  5.11666031546e-06	                  0
                  0	                  0	  9.49185945778e-10	      90954090.6805	 -4.46187804789e-07	                  0
                  0	                  0	  2.38533077493e-07	   1.8137495767e-09	      390064438.395	                  0
     -2667130.18693	      8253100.09699	                  0	                  0	                  0	       18253204.764

Mass matrix with respect to mass center
      136.076568498	                  0	                  0	                  0	                  0	                  0
                  0	      136.076568498	                  0	                  0	                  0	                  0
                  0	                  0	      136.076568498	                  0	                  0	                  0
                  0	                  0	                  0	      4.92083444975	     0.610555468451	                  0
                  0	                  0	                  0	     0.610555468451	      26.7516704926	                  0
                  0	                  0	                  0	                  0	                  0	      31.6725049423
